StateCode,Sex,YearOfBirth,Name,Number
OK,M,1982,Quentin,7
OK,M,1982,Rex,7
OK,M,1982,Robby,7
OK,M,1982,Ruben,7
OK,M,1982,Terence,7
OK,M,1982,Thurman,7
OK,M,1982,Tyrone,7
OK,M,1982,Zackary,7
OK,M,1982,Alton,6
OK,M,1982,Amos,6
OK,M,1982,Arron,6
OK,M,1982,Braden,6
OK,M,1982,Brenton,6
OK,M,1982,Britton,6
OK,M,1982,Buck,6
OK,M,1982,Clark,6
OK,M,1982,Collin,6
OK,M,1982,Dalton,6
OK,M,1982,Darin,6
OK,M,1982,Deon,6
OK,M,1982,Desmond,6
OK,M,1982,Dewey,6
OK,M,1982,Donny,6
OK,M,1982,Donovan,6
OK,M,1982,Erich,6
OK,M,1982,Erin,6
OK,M,1982,Forrest,6
OK,M,1982,Frankie,6
OK,M,1982,Fred,6
OK,M,1982,Garry,6
OK,M,1982,Gavin,6
OK,M,1982,Greg,6
OK,M,1982,Ivan,6
OK,M,1982,Jaime,6
OK,M,1982,Jamaal,6
OK,M,1982,Jamal,6
OK,M,1982,Jamin,6
OK,M,1982,Jennifer,6
OK,M,1982,Jerald,6
OK,M,1982,Jeramie,6
OK,M,1982,Jeramy,6
OK,M,1982,Jody,6
OK,M,1982,Joesph,6
OK,M,1982,Jonah,6
OK,M,1982,Jorge,6
OK,M,1982,Kelsey,6
OK,M,1982,Kennith,6
OK,M,1982,Kolby,6
OK,M,1982,Kory,6
OK,M,1982,Lane,6
OK,M,1982,Marquis,6
OK,M,1982,Max,6
OK,M,1982,Miles,6
OK,M,1982,Morris,6
OK,M,1982,Nelson,6
OK,M,1982,Pablo,6
OK,M,1982,Quincy,6
OK,M,1982,Rafael,6
OK,M,1982,Reuben,6
OK,M,1982,Riley,6
OK,M,1982,Roberto,6
OK,M,1982,Rowdy,6
OK,M,1982,Scottie,6
OK,M,1982,Sidney,6
OK,M,1982,Skylar,6
OK,M,1982,Sonny,6
OK,M,1982,Stacy,6
OK,M,1982,Stewart,6
OK,M,1982,Zechariah,6
OK,M,1982,Alfredo,5
OK,M,1982,Allan,5
OK,M,1982,Alonzo,5
OK,M,1982,Asa,5
OK,M,1982,Benito,5
OK,M,1982,Blaine,5
OK,M,1982,Bradford,5
OK,M,1982,Brant,5
OK,M,1982,Bryson,5
OK,M,1982,Carson,5
OK,M,1982,Chauncey,5
OK,M,1982,Coby,5
OK,M,1982,Coleman,5
OK,M,1982,Cornelius,5
OK,M,1982,Daron,5
OK,M,1982,Demarco,5
OK,M,1982,Demario,5
OK,M,1982,Denton,5
OK,M,1982,Derik,5
OK,M,1982,Dillon,5
OK,M,1982,Earnest,5
OK,M,1982,Freddie,5
OK,M,1982,Gilbert,5
OK,M,1982,Harley,5
OK,M,1982,Herman,5
OK,M,1982,Houston,5
OK,M,1982,Jace,5
OK,M,1982,Jerad,5
OK,M,1982,Jered,5
OK,M,1982,Josh,5
OK,M,1982,Kelvin,5
OK,M,1982,Kerry,5
OK,M,1982,Kiel,5
OK,M,1982,Lyndon,5
OK,M,1982,Marco,5
OK,M,1982,Marlin,5
OK,M,1982,Mike,5
OK,M,1982,Mitchel,5
OK,M,1982,Moses,5
OK,M,1982,Norman,5
OK,M,1982,Quinten,5
OK,M,1982,Raul,5
OK,M,1982,Rhett,5
OK,M,1982,Rick,5
OK,M,1982,Roderick,5
OK,M,1982,Roman,5
OK,M,1982,Samir,5
OK,M,1982,Sheldon,5
OK,M,1982,Timmy,5
OK,M,1982,Tory,5
OK,M,1982,Trae,5
OK,M,1982,Tucker,5
OK,M,1982,Willis,5
OK,M,1982,Zachery,5
OK,M,1982,Zackery,5
OK,M,1983,Christopher,1021
OK,M,1983,Michael,883
OK,M,1983,Matthew,772
OK,M,1983,Joshua,754
OK,M,1983,James,603
OK,M,1983,Justin,573
OK,M,1983,Brandon,548
OK,M,1983,John,534
OK,M,1983,Robert,504
OK,M,1983,Jason,501
OK,M,1983,David,499
OK,M,1983,Daniel,446
OK,M,1983,Ryan,391
OK,M,1983,William,382
OK,M,1983,Joseph,363
OK,M,1983,Brian,321
OK,M,1983,Jeremy,320
OK,M,1983,Dustin,315
OK,M,1983,Kyle,312
OK,M,1983,Adam,284
OK,M,1983,Aaron,283
OK,M,1983,Steven,279
OK,M,1983,Jonathan,277
OK,M,1983,Andrew,263
OK,M,1983,Eric,258
OK,M,1983,Timothy,240
OK,M,1983,Charles,231
OK,M,1983,Nicholas,231
OK,M,1983,Anthony,216
OK,M,1983,Thomas,212
OK,M,1983,Jeffrey,211
OK,M,1983,Kevin,204
OK,M,1983,Richard,203
OK,M,1983,Nathan,188
OK,M,1983,Jacob,187
OK,M,1983,Cody,185
OK,M,1983,Travis,170
OK,M,1983,Chad,164
OK,M,1983,Stephen,164
OK,M,1983,Benjamin,162
OK,M,1983,Jesse,162
OK,M,1983,Mark,159
OK,M,1983,Tyler,159
OK,M,1983,Bradley,155
OK,M,1983,Bryan,155
OK,M,1983,Zachary,151
OK,M,1983,Patrick,148
OK,M,1983,Jared,141
OK,M,1983,Kenneth,135
OK,M,1983,Derek,134
OK,M,1983,Scott,132
OK,M,1983,Gregory,111
OK,M,1983,Billy,109
OK,M,1983,Paul,105
OK,M,1983,Bobby,98
OK,M,1983,Casey,95
OK,M,1983,Sean,92
OK,M,1983,Donald,91
OK,M,1983,Shawn,91
OK,M,1983,Blake,89
OK,M,1983,Gary,88
OK,M,1983,Marcus,84
OK,M,1983,Phillip,81
OK,M,1983,Larry,79
OK,M,1983,Jerry,78
OK,M,1983,Brett,77
OK,M,1983,Jeffery,76
OK,M,1983,Jordan,75
OK,M,1983,Chase,73
OK,M,1983,Jeremiah,73
OK,M,1983,Samuel,73
OK,M,1983,Russell,71
OK,M,1983,Wesley,71
OK,M,1983,Keith,68
OK,M,1983,Austin,66
OK,M,1983,Brent,66
OK,M,1983,Terry,66
OK,M,1983,Clinton,64
OK,M,1983,Cory,63
OK,M,1983,Curtis,63
OK,M,1983,Ricky,63
OK,M,1983,Edward,62
OK,M,1983,Johnny,62
OK,M,1983,Ronald,61
OK,M,1983,Caleb,60
OK,M,1983,Jimmy,60
OK,M,1983,Randy,60
OK,M,1983,Corey,58
OK,M,1983,Shane,58
OK,M,1983,George,56
OK,M,1983,Randall,55
OK,M,1983,Clayton,53
OK,M,1983,Derrick,53
OK,M,1983,Lance,53
OK,M,1983,Jose,52
OK,M,1983,Nathaniel,52
OK,M,1983,Johnathan,51
OK,M,1983,Raymond,51
OK,M,1983,Craig,50
OK,M,1983,Douglas,50
OK,M,1983,Levi,50
OK,M,1983,Seth,49
OK,M,1983,Kristopher,48
OK,M,1983,Joe,46
OK,M,1983,Micheal,46
OK,M,1983,Todd,45
OK,M,1983,Joel,43
OK,M,1983,Dennis,42
OK,M,1983,Roger,42
OK,M,1983,Tommy,42
OK,M,1983,Jon,40
OK,M,1983,Philip,40
OK,M,1983,Allen,39
OK,M,1983,Carl,39
OK,M,1983,Lucas,39
OK,M,1983,Tony,39
OK,M,1983,Grant,38
OK,M,1983,Jarrod,38
OK,M,1983,Victor,38
OK,M,1983,Clint,37
OK,M,1983,Darrell,36
OK,M,1983,Ian,36
OK,M,1983,Kelly,35
OK,M,1983,Mitchell,35
OK,M,1983,Ronnie,35
OK,M,1983,Evan,34
OK,M,1983,Frank,34
OK,M,1983,Alan,33
OK,M,1983,Darren,33
OK,M,1983,Noah,33
OK,M,1983,Beau,32
OK,M,1983,Bruce,32
OK,M,1983,Andre,31
OK,M,1983,Cameron,31
OK,M,1983,Erik,31
OK,M,1983,Jay,31
OK,M,1983,Rodney,31
OK,M,1983,Carlos,30
OK,M,1983,Jack,30
OK,M,1983,Micah,30
OK,M,1983,Troy,30
OK,M,1983,Danny,29
OK,M,1983,Lee,29
OK,M,1983,Roy,29
OK,M,1983,Adrian,28
OK,M,1983,Colby,28
OK,M,1983,Shaun,28
OK,M,1983,Tanner,28
OK,M,1983,Cole,27
OK,M,1983,Gabriel,27
OK,M,1983,Heath,27
OK,M,1983,Rocky,27
OK,M,1983,Taylor,27
OK,M,1983,Garrett,26
OK,M,1983,Jonathon,26
OK,M,1983,Luke,26
OK,M,1983,Calvin,24
OK,M,1983,Jessie,24
OK,M,1983,Juan,24
OK,M,1983,Rusty,24
OK,M,1983,Walter,24
OK,M,1983,Antonio,23
OK,M,1983,Colt,23
OK,M,1983,Jackie,23
OK,M,1983,Landon,23
OK,M,1983,Rickey,23
OK,M,1983,Trevor,23
OK,M,1983,Brad,22
OK,M,1983,Drew,22
OK,M,1983,Logan,22
OK,M,1983,Mario,22
OK,M,1983,Preston,22
OK,M,1983,Alexander,21
OK,M,1983,Barry,21
OK,M,1983,Devin,21
OK,M,1983,Martin,21
OK,M,1983,Peter,21
OK,M,1983,Willie,21
OK,M,1983,Clifford,20
OK,M,1983,Dale,20
OK,M,1983,Dylan,20
OK,M,1983,Erick,20
OK,M,1983,Gerald,20
OK,M,1983,Jake,20
OK,M,1983,Arthur,19
OK,M,1983,Geoffrey,19
OK,M,1983,Henry,19
OK,M,1983,Isaac,19
OK,M,1983,Albert,18
OK,M,1983,Byron,18
OK,M,1983,Colin,18
OK,M,1983,Ernest,18
OK,M,1983,Glenn,18
OK,M,1983,Lawrence,18
OK,M,1983,Ross,18
OK,M,1983,Alex,17
OK,M,1983,Chris,17
OK,M,1983,Eddie,17
OK,M,1983,Jody,17
OK,M,1983,Mathew,17
OK,M,1983,Stanley,17
OK,M,1983,Vincent,17
OK,M,1983,Bryce,16
OK,M,1983,Courtney,16
OK,M,1983,Darryl,16
OK,M,1983,Jarod,16
OK,M,1983,Jerome,16
OK,M,1983,Joey,16
OK,M,1983,Kent,16
OK,M,1983,Trenton,16
OK,M,1983,Clifton,15
OK,M,1983,Franklin,15
OK,M,1983,Jamie,15
OK,M,1983,Jerod,15
OK,M,1983,Johnathon,15
OK,M,1983,Marvin,15
OK,M,1983,Ray,15
OK,M,1983,Toby,15
OK,M,1983,Wade,15
OK,M,1983,Zachariah,15
OK,M,1983,Damon,14
OK,M,1983,Jerrod,14
OK,M,1983,Marc,14
OK,M,1983,Melvin,14
OK,M,1983,Nicolas,14
OK,M,1983,Reginald,14
OK,M,1983,Theodore,14
OK,M,1983,Vernon,14
OK,M,1983,Warren,14
OK,M,1983,Brock,13
OK,M,1983,Dusty,13
OK,M,1983,Howard,13
OK,M,1983,Jayson,13
OK,M,1983,Jimmie,13
OK,M,1983,Norman,13
OK,M,1983,Stuart,13
OK,M,1983,Tracy,13
OK,M,1983,Andy,12
OK,M,1983,Bill,12
OK,M,1983,Branden,12
OK,M,1983,Cecil,12
OK,M,1983,Charlie,12
OK,M,1983,Christian,12
OK,M,1983,Edwin,12
OK,M,1983,Harold,12
OK,M,1983,Kendall,12
OK,M,1983,Manuel,12
OK,M,1983,Morgan,12
OK,M,1983,Neal,12
OK,M,1983,Raul,12
OK,M,1983,Roberto,12
OK,M,1983,Terrance,12
OK,M,1983,Terrell,12
OK,M,1983,Ty,12
OK,M,1983,Tyson,12
OK,M,1983,Chester,11
OK,M,1983,Clarence,11
OK,M,1983,Coy,11
OK,M,1983,Dallas,11
OK,M,1983,Daryl,11
OK,M,1983,Dillon,11
OK,M,1983,Don,11
OK,M,1983,Ethan,11
OK,M,1983,Floyd,11
OK,M,1983,Francisco,11
OK,M,1983,Gavin,11
OK,M,1983,Hunter,11
OK,M,1983,Kody,11
OK,M,1983,Leon,11
OK,M,1983,Matt,11
OK,M,1983,Neil,11
OK,M,1983,Nolan,11
OK,M,1983,Quentin,11
OK,M,1983,Shannon,11
OK,M,1983,Tristan,11
OK,M,1983,Waylon,11
OK,M,1983,Wayne,11
OK,M,1983,Weston,11
OK,M,1983,Zackary,11
OK,M,1983,Chance,10
OK,M,1983,Clay,10
OK,M,1983,Derick,10
OK,M,1983,Dominic,10
OK,M,1983,Donnie,10
OK,M,1983,Elijah,10
OK,M,1983,Frederick,10
OK,M,1983,Glen,10
OK,M,1983,Jeromy,10
OK,M,1983,Kenny,10
OK,M,1983,Kerry,10
OK,M,1983,Leonard,10
OK,M,1983,Luis,10
OK,M,1983,Marco,10
OK,M,1983,Omar,10
OK,M,1983,Scotty,10
OK,M,1983,Shelby,10
OK,M,1983,Sheldon,10
OK,M,1983,Spencer,10
OK,M,1983,Brady,9
OK,M,1983,Brant,9
OK,M,1983,Darnell,9
OK,M,1983,Darrel,9
OK,M,1983,Devon,9
OK,M,1983,Dwight,9
OK,M,1983,Eugene,9
OK,M,1983,Forrest,9
OK,M,1983,Gordon,9
OK,M,1983,Harley,9
OK,M,1983,Israel,9
OK,M,1983,Ivan,9
OK,M,1983,Jarrett,9
OK,M,1983,Jermaine,9
OK,M,1983,Johnnie,9
OK,M,1983,Lonnie,9
OK,M,1983,Lyle,9
OK,M,1983,Marshall,9
OK,M,1983,Maurice,9
OK,M,1983,Miguel,9
OK,M,1983,Mikel,9
OK,M,1983,Quincy,9
OK,M,1983,Ramon,9
OK,M,1983,Ricardo,9
OK,M,1983,Trent,9
OK,M,1983,Tyrone,9
OK,M,1983,Alvin,8
OK,M,1983,Aron,8
OK,M,1983,Bret,8
OK,M,1983,Bryon,8
OK,M,1983,Buddy,8
OK,M,1983,Carson,8
OK,M,1983,Dane,8
OK,M,1983,Dewayne,8
OK,M,1983,Eli,8
OK,M,1983,Gene,8
OK,M,1983,Jerad,8
OK,M,1983,Jorge,8
OK,M,1983,Josiah,8
OK,M,1983,Karl,8
OK,M,1983,Keenan,8
OK,M,1983,Lewis,8
OK,M,1983,Max,8
OK,M,1983,Mickey,8
OK,M,1983,Nickolas,8
OK,M,1983,Quinton,8
OK,M,1983,Ralph,8
OK,M,1983,Riley,8
OK,M,1983,Roderick,8
OK,M,1983,Trey,8
OK,M,1983,Abraham,7
OK,M,1983,Alfred,7
OK,M,1983,Arron,7
OK,M,1983,Ben,7
OK,M,1983,Bo,7
OK,M,1983,Cedric,7
OK,M,1983,Clark,7
OK,M,1983,Dan,7
OK,M,1983,Darrin,7
OK,M,1983,Dwayne,7
OK,M,1983,Earl,7
OK,M,1983,Fernando,7
OK,M,1983,Fred,7
OK,M,1983,Greg,7
OK,M,1983,Houston,7
OK,M,1983,Isaiah,7
OK,M,1983,Jarred,7
OK,M,1983,Jess,7
OK,M,1983,Jesus,7
OK,M,1983,Julian,7
OK,M,1983,Kellen,7
OK,M,1983,Kristofer,7
OK,M,1983,Leslie,7
OK,M,1983,Lionel,7
OK,M,1983,Lloyd,7
OK,M,1983,Miles,7
OK,M,1983,Monty,7
OK,M,1983,Owen,7
OK,M,1983,Sammy,7
OK,M,1983,Virgil,7
OK,M,1983,Wendell,7
OK,M,1983,Zachery,7
OK,M,1983,Ali,6
OK,M,1983,Barrett,6
OK,M,1983,Bennie,6
OK,M,1983,Blaine,6
OK,M,1983,Bradly,6
OK,M,1983,Chadwick,6
OK,M,1983,Chaz,6
OK,M,1983,Coleman,6
OK,M,1983,Darin,6
OK,M,1983,Deangelo,6
OK,M,1983,Dejuan,6
OK,M,1983,Dewey,6
OK,M,1983,Dexter,6
OK,M,1983,Donny,6
OK,M,1983,Donovan,6
OK,M,1983,Doyle,6
OK,M,1983,Duane,6
OK,M,1983,Edgar,6
OK,M,1983,Elmer,6
OK,M,1983,Emmanuel,6
OK,M,1983,Francis,6
OK,M,1983,Guy,6
OK,M,1983,Harlan,6
OK,M,1983,Jamaal,6
OK,M,1983,Jarvis,6
OK,M,1983,Jeff,6
OK,M,1983,Lincoln,6
OK,M,1983,Louis,6
OK,M,1983,Luther,6
OK,M,1983,Marty,6
OK,M,1983,Mason,6
OK,M,1983,Merle,6
OK,M,1983,Pedro,6
OK,M,1983,Randal,6
OK,M,1983,Robbie,6
OK,M,1983,Rory,6
OK,M,1983,Sidney,6
OK,M,1983,Steve,6
OK,M,1983,Ted,6
OK,M,1983,Teddy,6
OK,M,1983,Terrence,6
OK,M,1983,Wyatt,6
OK,M,1983,Zackery,6
OK,M,1983,Alejandro,5
OK,M,1983,Amir,5
OK,M,1983,Antoine,5
OK,M,1983,Armando,5
OK,M,1983,Asa,5
OK,M,1983,Bobbie,5
OK,M,1983,Brenton,5
OK,M,1983,Bryson,5
OK,M,1983,Charley,5
OK,M,1983,Damian,5
OK,M,1983,Darius,5
OK,M,1983,Dayton,5
OK,M,1983,Demarco,5
OK,M,1983,Denver,5
OK,M,1983,Dominique,5
OK,M,1983,Duncan,5
OK,M,1983,Eduardo,5
OK,M,1983,Elliott,5
OK,M,1983,Elvis,5
OK,M,1983,Ernesto,5
OK,M,1983,Ezekiel,5
OK,M,1983,Felix,5
OK,M,1983,Freddie,5
OK,M,1983,Greggory,5
OK,M,1983,Hector,5
OK,M,1983,Herbert,5
OK,M,1983,Ira,5
OK,M,1983,Jeramy,5
OK,M,1983,Jered,5
OK,M,1983,Jermey,5
OK,M,1983,Jim,5
OK,M,1983,Jordon,5
OK,M,1983,Josef,5
OK,M,1983,Josh,5
OK,M,1983,Kasey,5
OK,M,1983,Kelvin,5
OK,M,1983,Kirby,5
OK,M,1983,Kirk,5
OK,M,1983,Kory,5
OK,M,1983,Kurt,5
OK,M,1983,Lamont,5
OK,M,1983,Laramie,5
OK,M,1983,Leroy,5
OK,M,1983,Lester,5
OK,M,1983,Lyndon,5
OK,M,1983,Marlon,5
OK,M,1983,Marquis,5
OK,M,1983,Mike,5
OK,M,1983,Milton,5
OK,M,1983,Monte,5
OK,M,1983,Nathanial,5
OK,M,1983,Nelson,5
OK,M,1983,Rafael,5
OK,M,1983,Rex,5
OK,M,1983,Rhett,5
OK,M,1983,Robin,5
OK,M,1983,Rodrick,5
OK,M,1983,Roman,5
OK,M,1983,Sam,5
OK,M,1983,Saul,5
OK,M,1983,Sergio,5
OK,M,1983,Skyler,5
OK,M,1983,Stewart,5
OK,M,1983,Terence,5
OK,M,1983,Timmy,5
OK,M,1983,Vance,5
OK,M,1983,Weldon,5
OK,M,1983,Zane,5
OK,M,1984,Christopher,965
OK,M,1984,Michael,823
OK,M,1984,Joshua,806
OK,M,1984,Matthew,690
OK,M,1984,James,565
OK,M,1984,Brandon,494
OK,M,1984,Justin,480
OK,M,1984,John,469
OK,M,1984,David,463
OK,M,1984,Daniel,418
OK,M,1984,Jason,416
OK,M,1984,Ryan,413
OK,M,1984,Robert,398
OK,M,1984,William,382
OK,M,1984,Dustin,327
OK,M,1984,Joseph,323
OK,M,1984,Jeremy,315
OK,M,1984,Brian,301
OK,M,1984,Jonathan,296
OK,M,1984,Adam,285
OK,M,1984,Kyle,280
OK,M,1984,Steven,260
OK,M,1984,Eric,250
OK,M,1984,Andrew,247
OK,M,1984,Cody,244
OK,M,1984,Timothy,242
OK,M,1984,Anthony,231
OK,M,1984,Tyler,231
OK,M,1984,Aaron,227
OK,M,1984,Jeffrey,222
OK,M,1984,Nicholas,217
OK,M,1984,Charles,213
OK,M,1984,Kevin,205
OK,M,1984,Zachary,203
OK,M,1984,Thomas,200
OK,M,1984,Richard,193
OK,M,1984,Jacob,188
OK,M,1984,Travis,180
OK,M,1984,Stephen,174
OK,M,1984,Nathan,172
OK,M,1984,Bryan,158
OK,M,1984,Chad,158
OK,M,1984,Mark,156
OK,M,1984,Benjamin,139
OK,M,1984,Kenneth,138
OK,M,1984,Patrick,137
OK,M,1984,Jared,134
OK,M,1984,Scott,131
OK,M,1984,Jesse,128
OK,M,1984,Derek,126
OK,M,1984,Sean,116
OK,M,1984,Bradley,114
OK,M,1984,Gregory,113
OK,M,1984,Casey,106
OK,M,1984,Samuel,103
OK,M,1984,Paul,92
OK,M,1984,Shawn,91
OK,M,1984,Blake,88
OK,M,1984,Phillip,88
OK,M,1984,Cory,83
OK,M,1984,Jordan,83
OK,M,1984,Shane,83
OK,M,1984,Wesley,81
OK,M,1984,Billy,80
OK,M,1984,Bobby,77
OK,M,1984,Jeremiah,76
OK,M,1984,Chase,75
OK,M,1984,Curtis,74
OK,M,1984,Gary,73
OK,M,1984,Terry,73
OK,M,1984,Clayton,70
OK,M,1984,Derrick,68
OK,M,1984,Donald,67
OK,M,1984,Keith,67
OK,M,1984,Jerry,65
OK,M,1984,Marcus,65
OK,M,1984,Austin,64
OK,M,1984,Seth,64
OK,M,1984,Brett,63
OK,M,1984,Randy,63
OK,M,1984,Jeffery,62
OK,M,1984,Brent,61
OK,M,1984,Larry,61
OK,M,1984,Carl,59
OK,M,1984,Jimmy,59
OK,M,1984,Russell,59
OK,M,1984,Ronald,58
OK,M,1984,Douglas,55
OK,M,1984,Nathaniel,55
OK,M,1984,Alexander,54
OK,M,1984,Caleb,54
OK,M,1984,Chance,54
OK,M,1984,Joel,54
OK,M,1984,Clinton,53
OK,M,1984,Corey,48
OK,M,1984,Jon,48
OK,M,1984,Todd,48
OK,M,1984,Craig,47
OK,M,1984,Edward,46
OK,M,1984,Randall,46
OK,M,1984,Ricky,46
OK,M,1984,Johnny,44
OK,M,1984,Micah,43
OK,M,1984,Philip,43
OK,M,1984,Grant,42
OK,M,1984,Tony,42
OK,M,1984,Mitchell,41
OK,M,1984,Antonio,40
OK,M,1984,Joe,40
OK,M,1984,Johnathan,40
OK,M,1984,Lance,40
OK,M,1984,Heath,39
OK,M,1984,Tommy,39
OK,M,1984,George,38
OK,M,1984,Garrett,37
OK,M,1984,Shaun,37
OK,M,1984,Alan,36
OK,M,1984,Micheal,36
OK,M,1984,Raymond,36
OK,M,1984,Jonathon,35
OK,M,1984,Danny,34
OK,M,1984,Evan,34
OK,M,1984,Troy,34
OK,M,1984,Drew,33
OK,M,1984,Preston,33
OK,M,1984,Taylor,33
OK,M,1984,Trevor,33
OK,M,1984,Clint,32
OK,M,1984,Cole,32
OK,M,1984,Mathew,32
OK,M,1984,Jack,31
OK,M,1984,Erik,30
OK,M,1984,Rodney,30
OK,M,1984,Cameron,29
OK,M,1984,Darrell,29
OK,M,1984,Ian,29
OK,M,1984,Jessie,29
OK,M,1984,Juan,29
OK,M,1984,Lucas,29
OK,M,1984,Carlos,28
OK,M,1984,Kristopher,28
OK,M,1984,Lee,28
OK,M,1984,Logan,28
OK,M,1984,Dennis,27
OK,M,1984,Levi,27
OK,M,1984,Victor,27
OK,M,1984,Allen,26
OK,M,1984,Dusty,26
OK,M,1984,Gabriel,26
OK,M,1984,Jarrod,26
OK,M,1984,Peter,26
OK,M,1984,Adrian,25
OK,M,1984,Dallas,25
OK,M,1984,Roger,25
OK,M,1984,Alex,24
OK,M,1984,Colby,24
OK,M,1984,Devin,24
OK,M,1984,Isaac,24
OK,M,1984,Spencer,24
OK,M,1984,Brady,23
OK,M,1984,Darren,23
OK,M,1984,Jay,23
OK,M,1984,Kelly,23
OK,M,1984,Luke,23
OK,M,1984,Ross,23
OK,M,1984,Vincent,23
OK,M,1984,Clifford,22
OK,M,1984,Jose,22
OK,M,1984,Trey,22
OK,M,1984,Beau,21
OK,M,1984,Dylan,21
OK,M,1984,Jamie,21
OK,M,1984,Roy,21
OK,M,1984,Tanner,21
OK,M,1984,Tristan,21
OK,M,1984,Bruce,20
OK,M,1984,Christian,20
OK,M,1984,Frank,20
OK,M,1984,Rocky,20
OK,M,1984,Trent,20
OK,M,1984,Trenton,20
OK,M,1984,Arthur,19
OK,M,1984,Barry,19
OK,M,1984,Don,19
OK,M,1984,Henry,19
OK,M,1984,Noah,19
OK,M,1984,Walter,19
OK,M,1984,Damon,18
OK,M,1984,Mario,18
OK,M,1984,Ronnie,18
OK,M,1984,Albert,17
OK,M,1984,Andre,17
OK,M,1984,Brad,17
OK,M,1984,Brenton,17
OK,M,1984,Chris,17
OK,M,1984,Colin,17
OK,M,1984,Rusty,17
OK,M,1984,Toby,17
OK,M,1984,Tyson,17
OK,M,1984,Eddie,16
OK,M,1984,Erick,16
OK,M,1984,Geoffrey,16
OK,M,1984,Hunter,16
OK,M,1984,Louis,16
OK,M,1984,Quinton,16
OK,M,1984,Ty,16
OK,M,1984,Wayne,16
OK,M,1984,Bryce,15
OK,M,1984,Clay,15
OK,M,1984,Elijah,15
OK,M,1984,Jarod,15
OK,M,1984,Jerrod,15
OK,M,1984,Kendall,15
OK,M,1984,Kerry,15
OK,M,1984,Marshall,15
OK,M,1984,Martin,15
OK,M,1984,Morgan,15
OK,M,1984,Reginald,15
OK,M,1984,Rickey,15
OK,M,1984,Andy,14
OK,M,1984,Calvin,14
OK,M,1984,Donnie,14
OK,M,1984,Jody,14
OK,M,1984,Johnathon,14
OK,M,1984,Kirk,14
OK,M,1984,Lawrence,14
OK,M,1984,Leon,14
OK,M,1984,Lewis,14
OK,M,1984,Wade,14
OK,M,1984,Alfred,13
OK,M,1984,Byron,13
OK,M,1984,Frederick,13
OK,M,1984,Jackie,13
OK,M,1984,Joey,13
OK,M,1984,Kent,13
OK,M,1984,Lonnie,13
OK,M,1984,Shannon,13
OK,M,1984,Stuart,13
OK,M,1984,Buddy,12
OK,M,1984,Courtney,12
OK,M,1984,Dale,12
OK,M,1984,Darryl,12
OK,M,1984,Derick,12
OK,M,1984,Earl,12
OK,M,1984,Gerald,12
OK,M,1984,Harley,12
OK,M,1984,Jake,12
OK,M,1984,Jimmie,12
OK,M,1984,Landon,12
OK,M,1984,Luis,12
OK,M,1984,Manuel,12
OK,M,1984,Marc,12
OK,M,1984,Neil,12
OK,M,1984,Rex,12
OK,M,1984,Roderick,12
OK,M,1984,Willie,12
OK,M,1984,Damien,11
OK,M,1984,Edwin,11
OK,M,1984,Ernest,11
OK,M,1984,Ethan,11
OK,M,1984,Gene,11
OK,M,1984,Israel,11
OK,M,1984,Jarrett,11
OK,M,1984,Leslie,11
OK,M,1984,Lorenzo,11
OK,M,1984,Stanley,11
OK,M,1984,Warren,11
OK,M,1984,Zachery,11
OK,M,1984,Allan,10
OK,M,1984,Alvin,10
OK,M,1984,Clark,10
OK,M,1984,Dane,10
OK,M,1984,Darin,10
OK,M,1984,Dwight,10
OK,M,1984,Emmanuel,10
OK,M,1984,Fernando,10
OK,M,1984,Glen,10
OK,M,1984,Jayson,10
OK,M,1984,Jerad,10
OK,M,1984,Kenny,10
OK,M,1984,Lester,10
OK,M,1984,Marco,10
OK,M,1984,Maurice,10
OK,M,1984,Miguel,10
OK,M,1984,Nickolas,10
OK,M,1984,Owen,10
OK,M,1984,Quentin,10
OK,M,1984,Robbie,10
OK,M,1984,Terence,10
OK,M,1984,Theodore,10
OK,M,1984,Vernon,10
OK,M,1984,Waylon,10
OK,M,1984,Zackery,10
OK,M,1984,Ashley,9
OK,M,1984,Blaine,9
OK,M,1984,Bo,9
OK,M,1984,Branden,9
OK,M,1984,Brendan,9
OK,M,1984,Brock,9
OK,M,1984,Charlie,9
OK,M,1984,Colt,9
OK,M,1984,Daryl,9
OK,M,1984,Dominique,9
OK,M,1984,Duane,9
OK,M,1984,Dwayne,9
OK,M,1984,Franklin,9
OK,M,1984,Glenn,9
OK,M,1984,Greg,9
OK,M,1984,Harold,9
OK,M,1984,Karl,9
OK,M,1984,Kasey,9
OK,M,1984,Kody,9
OK,M,1984,Leonard,9
OK,M,1984,Nathanael,9
OK,M,1984,Ramon,9
OK,M,1984,Shelby,9
OK,M,1984,Stefan,9
OK,M,1984,Wendell,9
OK,M,1984,Arron,8
OK,M,1984,Bret,8
OK,M,1984,Cecil,8
OK,M,1984,Cedric,8
OK,M,1984,Cesar,8
OK,M,1984,Collin,8
OK,M,1984,Deangelo,8
OK,M,1984,Gilbert,8
OK,M,1984,Harry,8
OK,M,1984,Jeramy,8
OK,M,1984,Jermaine,8
OK,M,1984,Jerome,8
OK,M,1984,Julian,8
OK,M,1984,Kellen,8
OK,M,1984,Marquis,8
OK,M,1984,Marvin,8
OK,M,1984,Melvin,8
OK,M,1984,Mikel,8
OK,M,1984,Miles,8
OK,M,1984,Monty,8
OK,M,1984,Nathanial,8
OK,M,1984,Norman,8
OK,M,1984,Oscar,8
OK,M,1984,Perry,8
OK,M,1984,Ruben,8
OK,M,1984,Sheldon,8
OK,M,1984,Stephan,8
OK,M,1984,Steve,8
OK,M,1984,Terrance,8
OK,M,1984,Virgil,8
OK,M,1984,Whitney,8
OK,M,1984,Avery,7
OK,M,1984,Brody,7
OK,M,1984,Bryon,7
OK,M,1984,Clarence,7
OK,M,1984,Clifton,7
OK,M,1984,Dejuan,7
OK,M,1984,Dewayne,7
OK,M,1984,Dillon,7
OK,M,1984,Donovan,7
OK,M,1984,Edgar,7
OK,M,1984,Floyd,7
OK,M,1984,Gavin,7
OK,M,1984,Howard,7
OK,M,1984,Jace,7
OK,M,1984,Jerrad,7
OK,M,1984,Jesus,7
OK,M,1984,Josiah,7
OK,M,1984,Kenton,7
OK,M,1984,Kory,7
OK,M,1984,Kurt,7
OK,M,1984,Matt,7
OK,M,1984,Nolan,7
OK,M,1984,Omar,7
OK,M,1984,Randal,7
OK,M,1984,Ricardo,7
OK,M,1984,Riley,7
OK,M,1984,Robin,7
OK,M,1984,Ron,7
OK,M,1984,Royce,7
OK,M,1984,Scotty,7
OK,M,1984,Stewart,7
OK,M,1984,Ted,7
OK,M,1984,Tyrone,7
OK,M,1984,Zachariah,7
OK,M,1984,Abraham,6
OK,M,1984,Ali,6
OK,M,1984,Angel,6
OK,M,1984,Aron,6
OK,M,1984,Aubrey,6
OK,M,1984,Bryant,6
OK,M,1984,Carter,6
OK,M,1984,Chester,6
OK,M,1984,Coty,6
OK,M,1984,Darnell,6
OK,M,1984,Darrin,6
OK,M,1984,Davin,6
OK,M,1984,Desmond,6
OK,M,1984,Donny,6
OK,M,1984,Enrique,6
OK,M,1984,Fred,6
OK,M,1984,Garry,6
OK,M,1984,Gordon,6
OK,M,1984,Isaiah,6
OK,M,1984,Jefferson,6
OK,M,1984,Jered,6
OK,M,1984,Jerod,6
OK,M,1984,Jim,6
OK,M,1984,Jonas,6
OK,M,1984,Julio,6
OK,M,1984,Keaton,6
OK,M,1984,Kelvin,6
OK,M,1984,Kirby,6
OK,M,1984,Kyler,6
OK,M,1984,Lyle,6
OK,M,1984,Mason,6
OK,M,1984,Max,6
OK,M,1984,Ralph,6
OK,M,1984,Roberto,6
OK,M,1984,Rory,6
OK,M,1984,Rowdy,6
OK,M,1984,Rudy,6
OK,M,1984,Scottie,6
OK,M,1984,Skyler,6
OK,M,1984,Sonny,6
OK,M,1984,Stacy,6
OK,M,1984,Terrence,6
OK,M,1984,Tracy,6
OK,M,1984,Willis,6
OK,M,1984,Xavier,6
OK,M,1984,Zackary,6
OK,M,1984,Alton,5
OK,M,1984,Bill,5
OK,M,1984,Braden,5
OK,M,1984,Bradly,5
OK,M,1984,Brant,5
OK,M,1984,Brice,5
OK,M,1984,Bryson,5
OK,M,1984,Carleton,5
OK,M,1984,Cary,5
OK,M,1984,Cassidy,5
OK,M,1984,Charley,5
OK,M,1984,Claude,5
OK,M,1984,Clyde,5
OK,M,1984,Colton,5
OK,M,1984,Coy,5
OK,M,1984,Dakota,5
OK,M,1984,Dalton,5
OK,M,1984,Dana,5
OK,M,1984,Darius,5
OK,M,1984,Darrel,5
OK,M,1984,Demarco,5
OK,M,1984,Devon,5
OK,M,1984,Elisha,5
OK,M,1984,Elmer,5
OK,M,1984,Eugene,5
OK,M,1984,Frankie,5
OK,M,1984,Graham,5
OK,M,1984,Guy,5
OK,M,1984,Hank,5
OK,M,1984,Harrison,5
OK,M,1984,Hector,5
OK,M,1984,Jaime,5
OK,M,1984,Jarred,5
OK,M,1984,Jarvis,5
OK,M,1984,Jeff,5
OK,M,1984,Jeramie,5
OK,M,1984,Jess,5
OK,M,1984,Josh,5
OK,M,1984,Kaleb,5
OK,M,1984,Keenan,5
OK,M,1984,Lane,5
OK,M,1984,Leo,5
OK,M,1984,Leroy,5
OK,M,1984,Marlin,5
OK,M,1984,Marlon,5
OK,M,1984,Mickey,5
OK,M,1984,Myron,5
OK,M,1984,Nelson,5
OK,M,1984,Parker,5
OK,M,1984,Prince,5
OK,M,1984,Randolph,5
OK,M,1984,Reed,5
OK,M,1984,Rico,5
OK,M,1984,Roman,5
OK,M,1984,Sergio,5
OK,M,1984,Shea,5
OK,M,1984,Sidney,5
OK,M,1984,Simon,5
OK,M,1984,Stephanie,5
OK,M,1984,Teddy,5
OK,M,1984,Terrell,5
OK,M,1984,Wallace,5
OK,M,1984,Weston,5
OK,M,1984,Zane,5
OK,M,1985,Christopher,907
OK,M,1985,Michael,783
OK,M,1985,Joshua,754
OK,M,1985,Matthew,661
OK,M,1985,James,548
OK,M,1985,David,490
OK,M,1985,Brandon,485
OK,M,1985,Robert,429
OK,M,1985,John,427
OK,M,1985,Daniel,421
OK,M,1985,Justin,402
OK,M,1985,Ryan,391
OK,M,1985,William,364
OK,M,1985,Jason,339
OK,M,1985,Cody,329
OK,M,1985,Kyle,319
OK,M,1985,Joseph,302
OK,M,1985,Jonathan,301
OK,M,1985,Dustin,292
OK,M,1985,Tyler,284
OK,M,1985,Brian,269
OK,M,1985,Jeremy,269
OK,M,1985,Andrew,267
OK,M,1985,Steven,251
OK,M,1985,Adam,241
OK,M,1985,Nicholas,236
OK,M,1985,Eric,235
OK,M,1985,Jacob,235
OK,M,1985,Kevin,230
OK,M,1985,Aaron,229
OK,M,1985,Anthony,222
OK,M,1985,Zachary,218
OK,M,1985,Timothy,215
OK,M,1985,Charles,203
OK,M,1985,Thomas,202
OK,M,1985,Jeffrey,192
OK,M,1985,Nathan,179
OK,M,1985,Bradley,167
OK,M,1985,Richard,163
OK,M,1985,Stephen,161
OK,M,1985,Mark,149
OK,M,1985,Bryan,146
OK,M,1985,Jared,146
OK,M,1985,Travis,145
OK,M,1985,Sean,143
OK,M,1985,Jesse,139
OK,M,1985,Patrick,138
OK,M,1985,Kenneth,136
OK,M,1985,Benjamin,130
OK,M,1985,Chad,116
OK,M,1985,Gregory,111
OK,M,1985,Shawn,109
OK,M,1985,Blake,107
OK,M,1985,Samuel,107
OK,M,1985,Derek,106
OK,M,1985,Scott,96
OK,M,1985,Paul,95
OK,M,1985,Jordan,92
OK,M,1985,Casey,91
OK,M,1985,Phillip,87
OK,M,1985,Austin,86
OK,M,1985,Wesley,84
OK,M,1985,Corey,83
OK,M,1985,Cory,83
OK,M,1985,Billy,81
OK,M,1985,Bobby,76
OK,M,1985,Chase,75
OK,M,1985,Derrick,72
OK,M,1985,Jeffery,69
OK,M,1985,Keith,68
OK,M,1985,Shane,68
OK,M,1985,Brett,67
OK,M,1985,Jimmy,66
OK,M,1985,Marcus,66
OK,M,1985,Clayton,65
OK,M,1985,Donald,65
OK,M,1985,Johnathan,65
OK,M,1985,Terry,65
OK,M,1985,Brent,63
OK,M,1985,Caleb,63
OK,M,1985,Gary,59
OK,M,1985,Mitchell,58
OK,M,1985,Joel,57
OK,M,1985,Larry,57
OK,M,1985,Nathaniel,57
OK,M,1985,Chance,56
OK,M,1985,Randy,53
OK,M,1985,Ricky,52
OK,M,1985,Seth,52
OK,M,1985,Ronald,50
OK,M,1985,Douglas,49
OK,M,1985,Jeremiah,49
OK,M,1985,Craig,48
OK,M,1985,Evan,48
OK,M,1985,Russell,48
OK,M,1985,Alexander,47
OK,M,1985,Raymond,47
OK,M,1985,Randall,45
OK,M,1985,Clinton,44
OK,M,1985,Levi,44
OK,M,1985,Johnny,43
OK,M,1985,Curtis,42
OK,M,1985,Jerry,42
OK,M,1985,Heath,41
OK,M,1985,Lance,41
OK,M,1985,Luke,41
OK,M,1985,Micheal,41
OK,M,1985,Grant,40
OK,M,1985,Ian,40
OK,M,1985,Jon,40
OK,M,1985,Trevor,40
OK,M,1985,Drew,39
OK,M,1985,Garrett,39
OK,M,1985,Taylor,39
OK,M,1985,Troy,39
OK,M,1985,Edward,38
OK,M,1985,George,38
OK,M,1985,Micah,38
OK,M,1985,Joe,37
OK,M,1985,Lucas,37
OK,M,1985,Tony,37
OK,M,1985,Alex,36
OK,M,1985,Carl,36
OK,M,1985,Mathew,36
OK,M,1985,Danny,35
OK,M,1985,Philip,35
OK,M,1985,Allen,34
OK,M,1985,Antonio,34
OK,M,1985,Todd,34
OK,M,1985,Shaun,33
OK,M,1985,Cameron,32
OK,M,1985,Dennis,32
OK,M,1985,Jonathon,32
OK,M,1985,Cole,31
OK,M,1985,Darrell,31
OK,M,1985,Jay,31
OK,M,1985,Rodney,31
OK,M,1985,Tommy,31
OK,M,1985,Kristopher,30
OK,M,1985,Adrian,29
OK,M,1985,Brady,29
OK,M,1985,Gabriel,29
OK,M,1985,Preston,29
OK,M,1985,Roger,29
OK,M,1985,Roy,29
OK,M,1985,Beau,28
OK,M,1985,Clifford,28
OK,M,1985,Devin,28
OK,M,1985,Tanner,28
OK,M,1985,Logan,27
OK,M,1985,Jose,26
OK,M,1985,Juan,26
OK,M,1985,Kendall,26
OK,M,1985,Rickey,26
OK,M,1985,Tyson,26
OK,M,1985,Alan,25
OK,M,1985,Bryce,25
OK,M,1985,Ronnie,25
OK,M,1985,Darren,24
OK,M,1985,Jack,24
OK,M,1985,Kerry,24
OK,M,1985,Ross,24
OK,M,1985,Dallas,23
OK,M,1985,Peter,23
OK,M,1985,Vincent,23
OK,M,1985,Henry,22
OK,M,1985,Isaac,22
OK,M,1985,Kelly,22
OK,M,1985,Lawrence,22
OK,M,1985,Erik,21
OK,M,1985,Jake,21
OK,M,1985,Jarrod,21
OK,M,1985,Jessie,21
OK,M,1985,Johnathon,21
OK,M,1985,Arthur,20
OK,M,1985,Christian,20
OK,M,1985,Colby,20
OK,M,1985,Colin,20
OK,M,1985,Dusty,20
OK,M,1985,Dylan,20
OK,M,1985,Frank,20
OK,M,1985,Rusty,20
OK,M,1985,Victor,20
OK,M,1985,Byron,19
OK,M,1985,Dillon,19
OK,M,1985,Landon,19
OK,M,1985,Spencer,19
OK,M,1985,Trent,19
OK,M,1985,Wade,19
OK,M,1985,Andy,18
OK,M,1985,Bruce,18
OK,M,1985,Clay,18
OK,M,1985,Geoffrey,18
OK,M,1985,Jamie,18
OK,M,1985,Kody,18
OK,M,1985,Rocky,18
OK,M,1985,Brenton,17
OK,M,1985,Calvin,17
OK,M,1985,Martin,17
OK,M,1985,Stuart,17
OK,M,1985,Brad,16
OK,M,1985,Gerald,16
OK,M,1985,Harold,16
OK,M,1985,Jarod,16
OK,M,1985,Kenny,16
OK,M,1985,Kirk,16
OK,M,1985,Lee,16
OK,M,1985,Ray,16
OK,M,1985,Shannon,16
OK,M,1985,Toby,16
OK,M,1985,Albert,15
OK,M,1985,Barry,15
OK,M,1985,Brock,15
OK,M,1985,Clint,15
OK,M,1985,Damon,15
OK,M,1985,Jerad,15
OK,M,1985,Terrance,15
OK,M,1985,Trenton,15
OK,M,1985,Darryl,14
OK,M,1985,Franklin,14
OK,M,1985,Jackie,14
OK,M,1985,Waylon,14
OK,M,1985,Colt,13
OK,M,1985,Dane,13
OK,M,1985,Ethan,13
OK,M,1985,Jace,13
OK,M,1985,Joey,13
OK,M,1985,Lonnie,13
OK,M,1985,Louis,13
OK,M,1985,Marshall,13
OK,M,1985,Mason,13
OK,M,1985,Ralph,13
OK,M,1985,Tristan,13
OK,M,1985,Zachariah,13
OK,M,1985,Alvin,12
OK,M,1985,Braden,12
OK,M,1985,Dale,12
OK,M,1985,Eli,12
OK,M,1985,Glenn,12
OK,M,1985,Hunter,12
OK,M,1985,Jerome,12
OK,M,1985,Jerrod,12
OK,M,1985,Julian,12
OK,M,1985,Kory,12
OK,M,1985,Leonard,12
OK,M,1985,Morgan,12
OK,M,1985,Quinton,12
OK,M,1985,Ty,12
OK,M,1985,Andre,11
OK,M,1985,Bret,11
OK,M,1985,Buddy,11
OK,M,1985,Clark,11
OK,M,1985,Damien,11
OK,M,1985,Eddie,11
OK,M,1985,Emmanuel,11
OK,M,1985,Fred,11
OK,M,1985,Jarred,11
OK,M,1985,Jayson,11
OK,M,1985,Jeramy,11
OK,M,1985,Jody,11
OK,M,1985,Nickolas,11
OK,M,1985,Noah,11
OK,M,1985,Riley,11
OK,M,1985,Skylar,11
OK,M,1985,Skyler,11
OK,M,1985,Tyrone,11
OK,M,1985,Zachery,11
OK,M,1985,Zackary,11
OK,M,1985,Allan,10
OK,M,1985,Ashley,10
OK,M,1985,Dakota,10
OK,M,1985,Derick,10
OK,M,1985,Don,10
OK,M,1985,Jerod,10
OK,M,1985,Jimmie,10
OK,M,1985,Lloyd,10
OK,M,1985,Manuel,10
OK,M,1985,Marvin,10
OK,M,1985,Maurice,10
OK,M,1985,Reuben,10
OK,M,1985,Trey,10
OK,M,1985,Willie,10
OK,M,1985,Bradly,9
OK,M,1985,Brendan,9
OK,M,1985,Chris,9
OK,M,1985,Clifton,9
OK,M,1985,Colton,9
OK,M,1985,Darrin,9
OK,M,1985,Deangelo,9
OK,M,1985,Duane,9
OK,M,1985,Dwayne,9
OK,M,1985,Elijah,9
OK,M,1985,Erick,9
OK,M,1985,Eugene,9
OK,M,1985,Julius,9
OK,M,1985,Kaleb,9
OK,M,1985,Mario,9
OK,M,1985,Nicolas,9
OK,M,1985,Roderick,9
OK,M,1985,Shelby,9
OK,M,1985,Stanley,9
OK,M,1985,Vernon,9
OK,M,1985,Weston,9
OK,M,1985,Zackery,9
OK,M,1985,Alfred,8
OK,M,1985,Ali,8
OK,M,1985,Barrett,8
OK,M,1985,Blaine,8
OK,M,1985,Carlos,8
OK,M,1985,Collin,8
OK,M,1985,Courtney,8
OK,M,1985,Devon,8
OK,M,1985,Dominic,8
OK,M,1985,Dwight,8
OK,M,1985,Ernest,8
OK,M,1985,Francisco,8
OK,M,1985,Glen,8
OK,M,1985,Harrison,8
OK,M,1985,Herbert,8
OK,M,1985,Jedidiah,8
OK,M,1985,Jeff,8
OK,M,1985,Jered,8
OK,M,1985,Jeromy,8
OK,M,1985,Jess,8
OK,M,1985,Karl,8
OK,M,1985,Kent,8
OK,M,1985,Leslie,8
OK,M,1985,Lionel,8
OK,M,1985,Marc,8
OK,M,1985,Miguel,8
OK,M,1985,Nolan,8
OK,M,1985,Omar,8
OK,M,1985,Roberto,8
OK,M,1985,Roman,8
OK,M,1985,Rowdy,8
OK,M,1985,Royce,8
OK,M,1985,Sidney,8
OK,M,1985,Walter,8
OK,M,1985,Abraham,7
OK,M,1985,Aubrey,7
OK,M,1985,Avery,7
OK,M,1985,Bernard,7
OK,M,1985,Branden,7
OK,M,1985,Bryson,7
OK,M,1985,Cedric,7
OK,M,1985,Coleman,7
OK,M,1985,Coty,7
OK,M,1985,Coy,7
OK,M,1985,Darrel,7
OK,M,1985,Demario,7
OK,M,1985,Desmond,7
OK,M,1985,Dewayne,7
OK,M,1985,Donnie,7
OK,M,1985,Everett,7
OK,M,1985,Floyd,7
OK,M,1985,Forrest,7
OK,M,1985,Gordon,7
OK,M,1985,Guy,7
OK,M,1985,Isaiah,7
OK,M,1985,Israel,7
OK,M,1985,Jesus,7
OK,M,1985,Josh,7
OK,M,1985,Josiah,7
OK,M,1985,Keenan,7
OK,M,1985,Kurtis,7
OK,M,1985,Lamar,7
OK,M,1985,Leon,7
OK,M,1985,Lewis,7
OK,M,1985,Luther,7
OK,M,1985,Marcos,7
OK,M,1985,Melvin,7
OK,M,1985,Neil,7
OK,M,1985,Perry,7
OK,M,1985,Rene,7
OK,M,1985,Scotty,7
OK,M,1985,Terrence,7
OK,M,1985,Whitney,7
OK,M,1985,Ben,6
OK,M,1985,Bradford,6
OK,M,1985,Bryant,6
OK,M,1985,Cale,6
OK,M,1985,Carlton,6
OK,M,1985,Chaz,6
OK,M,1985,Chester,6
OK,M,1985,Claude,6
OK,M,1985,Dalton,6
OK,M,1985,Darin,6
OK,M,1985,Daryl,6
OK,M,1985,Deandre,6
OK,M,1985,Dejuan,6
OK,M,1985,Dexter,6
OK,M,1985,Dirk,6
OK,M,1985,Dominick,6
OK,M,1985,Earl,6
OK,M,1985,Edwin,6
OK,M,1985,Felix,6
OK,M,1985,Galen,6
OK,M,1985,Garett,6
OK,M,1985,Gavin,6
OK,M,1985,Howard,6
OK,M,1985,Ivan,6
OK,M,1985,Jarad,6
OK,M,1985,Jarrett,6
OK,M,1985,Jeremie,6
OK,M,1985,Kasey,6
OK,M,1985,Leo,6
OK,M,1985,Lester,6
OK,M,1985,Lorenzo,6
OK,M,1985,Luis,6
OK,M,1985,Marion,6
OK,M,1985,Marlon,6
OK,M,1985,Monty,6
OK,M,1985,Orlando,6
OK,M,1985,Parker,6
OK,M,1985,Quentin,6
OK,M,1985,Randal,6
OK,M,1985,Reginald,6
OK,M,1985,Rodolfo,6
OK,M,1985,Sergio,6
OK,M,1985,Shea,6
OK,M,1985,Stacy,6
OK,M,1985,Stefan,6
OK,M,1985,Sterling,6
OK,M,1985,Steve,6
OK,M,1985,Theodore,6
OK,M,1985,Tracy,6
OK,M,1985,Tyrel,6
OK,M,1985,Tyrell,6
OK,M,1985,Will,6
OK,M,1985,Angel,5
OK,M,1985,Aron,5
OK,M,1985,Asa,5
OK,M,1985,Bill,5
OK,M,1985,Bryon,5
OK,M,1985,Carson,5
OK,M,1985,Charlie,5
OK,M,1985,Clarence,5
OK,M,1985,Cornelius,5
OK,M,1985,Dan,5
OK,M,1985,Dante,5
OK,M,1985,Demarco,5
OK,M,1985,Demetrius,5
OK,M,1985,Derik,5
OK,M,1985,Donovan,5
OK,M,1985,Edgar,5
OK,M,1985,Emanuel,5
OK,M,1985,Gene,5
OK,M,1985,Harley,5
OK,M,1985,Ismael,5
OK,M,1985,Jamaal,5
OK,M,1985,Jamel,5
OK,M,1985,Jarvis,5
OK,M,1985,Jerrad,5
OK,M,1985,Jessy,5
OK,M,1985,Johathan,5
OK,M,1985,Johnnie,5
OK,M,1985,Juston,5
OK,M,1985,Keegan,5
OK,M,1985,Kellen,5
OK,M,1985,Kelsey,5
OK,M,1985,Kelvin,5
OK,M,1985,Kolby,5
OK,M,1985,Leland,5
OK,M,1985,Loren,5
OK,M,1985,Madison,5
OK,M,1985,Marquis,5
OK,M,1985,Max,5
OK,M,1985,Mickey,5
OK,M,1985,Miles,5
OK,M,1985,Mitchel,5
OK,M,1985,Quincy,5
OK,M,1985,Rex,5
OK,M,1985,Rory,5
OK,M,1985,Ruben,5
OK,M,1985,Rudy,5
OK,M,1985,Sheldon,5
OK,M,1985,Terrell,5
OK,M,1985,Tommie,5
OK,M,1985,Tory,5
OK,M,1985,Tristen,5
OK,M,1985,Tye,5
OK,M,1985,Warren,5
OK,M,1985,Zane,5
OK,M,1986,Christopher,844
OK,M,1986,Michael,701
OK,M,1986,Joshua,682
OK,M,1986,Matthew,598
OK,M,1986,James,512
OK,M,1986,Justin,465
OK,M,1986,David,444
OK,M,1986,Brandon,431
OK,M,1986,Ryan,399
OK,M,1986,John,386
OK,M,1986,Robert,384
OK,M,1986,Daniel,354
OK,M,1986,William,351
OK,M,1986,Kyle,350
OK,M,1986,Jeremy,329
OK,M,1986,Andrew,303
OK,M,1986,Jason,288
OK,M,1986,Cody,278
OK,M,1986,Jonathan,267
OK,M,1986,Dustin,264
OK,M,1986,Brian,254
OK,M,1986,Tyler,253
OK,M,1986,Joseph,252
OK,M,1986,Steven,232
OK,M,1986,Kevin,226
OK,M,1986,Nicholas,219
OK,M,1986,Jacob,218
OK,M,1986,Eric,214
OK,M,1986,Aaron,212
OK,M,1986,Zachary,203
OK,M,1986,Anthony,197
OK,M,1986,Timothy,192
OK,M,1986,Charles,189
OK,M,1986,Jeffrey,184
OK,M,1986,Richard,183
OK,M,1986,Adam,182
OK,M,1986,Nathan,176
OK,M,1986,Mark,159
OK,M,1986,Bryan,156
OK,M,1986,Thomas,149
OK,M,1986,Patrick,143
OK,M,1986,Bradley,141
OK,M,1986,Benjamin,139
OK,M,1986,Chad,139
OK,M,1986,Stephen,138
OK,M,1986,Jared,132
OK,M,1986,Jordan,131
OK,M,1986,Jesse,122
OK,M,1986,Travis,122
OK,M,1986,Kenneth,116
OK,M,1986,Derek,115
OK,M,1986,Samuel,114
OK,M,1986,Sean,114
OK,M,1986,Gregory,100
OK,M,1986,Scott,95
OK,M,1986,Austin,92
OK,M,1986,Paul,92
OK,M,1986,Shawn,91
OK,M,1986,Brett,88
OK,M,1986,Alexander,85
OK,M,1986,Phillip,83
OK,M,1986,Brent,80
OK,M,1986,Casey,80
OK,M,1986,Corey,80
OK,M,1986,Cory,80
OK,M,1986,Bobby,76
OK,M,1986,Blake,73
OK,M,1986,Wesley,70
OK,M,1986,Billy,69
OK,M,1986,Ronald,69
OK,M,1986,Caleb,67
OK,M,1986,Gary,66
OK,M,1986,Shane,65
OK,M,1986,Alex,64
OK,M,1986,Mitchell,64
OK,M,1986,Curtis,61
OK,M,1986,Donald,59
OK,M,1986,Chase,58
OK,M,1986,Joel,58
OK,M,1986,Derrick,57
OK,M,1986,Jimmy,56
OK,M,1986,Keith,56
OK,M,1986,Marcus,56
OK,M,1986,Jeffery,55
OK,M,1986,Jeremiah,53
OK,M,1986,Jerry,53
OK,M,1986,Terry,53
OK,M,1986,Johnny,52
OK,M,1986,Larry,50
OK,M,1986,Levi,50
OK,M,1986,Randy,50
OK,M,1986,Seth,49
OK,M,1986,Taylor,49
OK,M,1986,Clinton,48
OK,M,1986,Clayton,47
OK,M,1986,Garrett,47
OK,M,1986,Kristopher,47
OK,M,1986,George,46
OK,M,1986,Lance,46
OK,M,1986,Ricky,46
OK,M,1986,Russell,46
OK,M,1986,Jose,44
OK,M,1986,Raymond,43
OK,M,1986,Trevor,43
OK,M,1986,Logan,42
OK,M,1986,Micheal,42
OK,M,1986,Cameron,40
OK,M,1986,Alan,39
OK,M,1986,Edward,39
OK,M,1986,Juan,39
OK,M,1986,Randall,39
OK,M,1986,Todd,39
OK,M,1986,Cole,38
OK,M,1986,Dillon,38
OK,M,1986,Nathaniel,38
OK,M,1986,Tony,38
OK,M,1986,Johnathan,37
OK,M,1986,Craig,36
OK,M,1986,Douglas,36
OK,M,1986,Evan,36
OK,M,1986,Grant,36
OK,M,1986,Jonathon,36
OK,M,1986,Micah,36
OK,M,1986,Philip,36
OK,M,1986,Tommy,36
OK,M,1986,Colby,35
OK,M,1986,Chance,34
OK,M,1986,Lucas,34
OK,M,1986,Danny,33
OK,M,1986,Troy,33
OK,M,1986,Carl,32
OK,M,1986,Ian,32
OK,M,1986,Jarrod,32
OK,M,1986,Jon,32
OK,M,1986,Luke,31
OK,M,1986,Spencer,31
OK,M,1986,Preston,30
OK,M,1986,Rodney,30
OK,M,1986,Jake,29
OK,M,1986,Antonio,28
OK,M,1986,Devin,28
OK,M,1986,Joe,28
OK,M,1986,Peter,28
OK,M,1986,Christian,27
OK,M,1986,Lee,27
OK,M,1986,Victor,27
OK,M,1986,Hunter,26
OK,M,1986,Isaac,26
OK,M,1986,Roy,26
OK,M,1986,Dennis,25
OK,M,1986,Landon,25
OK,M,1986,Mathew,25
OK,M,1986,Adrian,24
OK,M,1986,Bryce,24
OK,M,1986,Calvin,24
OK,M,1986,Darren,24
OK,M,1986,Drew,24
OK,M,1986,Dylan,24
OK,M,1986,Brady,23
OK,M,1986,Carlos,23
OK,M,1986,Heath,23
OK,M,1986,Tanner,23
OK,M,1986,Walter,23
OK,M,1986,Brock,22
OK,M,1986,Bruce,22
OK,M,1986,Jessie,22
OK,M,1986,Roger,22
OK,M,1986,Rusty,22
OK,M,1986,Trenton,22
OK,M,1986,Jay,21
OK,M,1986,Kelly,21
OK,M,1986,Kendall,21
OK,M,1986,Mason,21
OK,M,1986,Dusty,20
OK,M,1986,Erik,20
OK,M,1986,Gabriel,20
OK,M,1986,Jerrod,20
OK,M,1986,Marshall,20
OK,M,1986,Martin,20
OK,M,1986,Allen,19
OK,M,1986,Jack,19
OK,M,1986,Jarred,19
OK,M,1986,Shaun,19
OK,M,1986,Beau,18
OK,M,1986,Dakota,18
OK,M,1986,Dallas,18
OK,M,1986,Darrell,18
OK,M,1986,Geoffrey,18
OK,M,1986,Johnathon,18
OK,M,1986,Lawrence,18
OK,M,1986,Vincent,18
OK,M,1986,Clint,17
OK,M,1986,Henry,17
OK,M,1986,Jamie,17
OK,M,1986,Ty,17
OK,M,1986,Tyson,17
OK,M,1986,Braden,16
OK,M,1986,Byron,16
OK,M,1986,Clay,16
OK,M,1986,Colin,16
OK,M,1986,Dominic,16
OK,M,1986,Eddie,16
OK,M,1986,Morgan,16
OK,M,1986,Quinton,16
OK,M,1986,Terrance,16
OK,M,1986,Zackary,16
OK,M,1986,Devon,15
OK,M,1986,Frank,15
OK,M,1986,Franklin,15
OK,M,1986,Julian,15
OK,M,1986,Ronnie,15
OK,M,1986,Trent,15
OK,M,1986,Brad,14
OK,M,1986,Dane,14
OK,M,1986,Elijah,14
OK,M,1986,Lonnie,14
OK,M,1986,Luis,14
OK,M,1986,Ross,14
OK,M,1986,Sammy,14
OK,M,1986,Stuart,14
OK,M,1986,Trey,14
OK,M,1986,Willie,14
OK,M,1986,Zane,14
OK,M,1986,Andre,13
OK,M,1986,Arthur,13
OK,M,1986,Don,13
OK,M,1986,Gerald,13
OK,M,1986,Jess,13
OK,M,1986,Marvin,13
OK,M,1986,Miles,13
OK,M,1986,Shelby,13
OK,M,1986,Stanley,13
OK,M,1986,Steve,13
OK,M,1986,Tristan,13
OK,M,1986,Wade,13
OK,M,1986,Weston,13
OK,M,1986,Zachery,13
OK,M,1986,Albert,12
OK,M,1986,Courtney,12
OK,M,1986,Dale,12
OK,M,1986,Jackie,12
OK,M,1986,Jody,12
OK,M,1986,Kenny,12
OK,M,1986,Kerry,12
OK,M,1986,Kody,12
OK,M,1986,Leslie,12
OK,M,1986,Nickolas,12
OK,M,1986,Reginald,12
OK,M,1986,Colt,11
OK,M,1986,Deangelo,11
OK,M,1986,Derick,11
OK,M,1986,Joey,11
OK,M,1986,Josiah,11
OK,M,1986,Kent,11
OK,M,1986,Marc,11
OK,M,1986,Mario,11
OK,M,1986,Neil,11
OK,M,1986,Parker,11
OK,M,1986,Riley,11
OK,M,1986,Rocky,11
OK,M,1986,Scotty,11
OK,M,1986,Shannon,11
OK,M,1986,Sterling,11
OK,M,1986,Terrell,11
OK,M,1986,Abraham,10
OK,M,1986,Barry,10
OK,M,1986,Branden,10
OK,M,1986,Garret,10
OK,M,1986,Harold,10
OK,M,1986,Jarod,10
OK,M,1986,Jerad,10
OK,M,1986,Johnnie,10
OK,M,1986,Karl,10
OK,M,1986,Kory,10
OK,M,1986,Max,10
OK,M,1986,Theodore,10
OK,M,1986,Warren,10
OK,M,1986,Wayne,10
OK,M,1986,Addison,9
OK,M,1986,Aubrey,9
OK,M,1986,Ben,9
OK,M,1986,Blaine,9
OK,M,1986,Brendan,9
OK,M,1986,Clifford,9
OK,M,1986,Clifton,9
OK,M,1986,Darrin,9
OK,M,1986,Earl,9
OK,M,1986,Ethan,9
OK,M,1986,Glen,9
OK,M,1986,Ivan,9
OK,M,1986,Jeramy,9
OK,M,1986,Julius,9
OK,M,1986,Kaleb,9
OK,M,1986,Kirk,9
OK,M,1986,Leonard,9
OK,M,1986,Lyndon,9
OK,M,1986,Mickey,9
OK,M,1986,Miguel,9
OK,M,1986,Neal,9
OK,M,1986,Noah,9
OK,M,1986,Toby,9
OK,M,1986,Tracy,9
OK,M,1986,Zachariah,9
OK,M,1986,Ashton,8
OK,M,1986,Barrett,8
OK,M,1986,Bo,8
OK,M,1986,Brant,8
OK,M,1986,Brenton,8
OK,M,1986,Brice,8
OK,M,1986,Chadwick,8
OK,M,1986,Clarence,8
OK,M,1986,Coby,8
OK,M,1986,Coty,8
OK,M,1986,Darin,8
OK,M,1986,Darryl,8
OK,M,1986,Dexter,8
OK,M,1986,Donnie,8
OK,M,1986,Eli,8
OK,M,1986,Fernando,8
OK,M,1986,Fred,8
OK,M,1986,Frederick,8
OK,M,1986,Garry,8
OK,M,1986,Isaiah,8
OK,M,1986,Jarrett,8
OK,M,1986,Jayson,8
OK,M,1986,Jeremey,8
OK,M,1986,Jerod,8
OK,M,1986,Jerome,8
OK,M,1986,Jordon,8
OK,M,1986,Jorge,8
OK,M,1986,Keenan,8
OK,M,1986,Kelvin,8
OK,M,1986,Kurt,8
OK,M,1986,Lewis,8
OK,M,1986,Melvin,8
OK,M,1986,Oscar,8
OK,M,1986,Perry,8
OK,M,1986,Ricardo,8
OK,M,1986,Rickey,8
OK,M,1986,Robby,8
OK,M,1986,Roman,8
OK,M,1986,Waylon,8
OK,M,1986,Armando,7
OK,M,1986,Buddy,7
OK,M,1986,Cedric,7
OK,M,1986,Charlie,7
OK,M,1986,Dalton,7
OK,M,1986,Damien,7
OK,M,1986,Daryl,7
OK,M,1986,Delbert,7
OK,M,1986,Demarco,7
OK,M,1986,Denver,7
OK,M,1986,Derik,7
OK,M,1986,Donovan,7
OK,M,1986,Dwayne,7
OK,M,1986,Ernest,7
OK,M,1986,Eugene,7
OK,M,1986,Floyd,7
OK,M,1986,Frankie,7
OK,M,1986,Gilbert,7
OK,M,1986,Glenn,7
OK,M,1986,Gordon,7
OK,M,1986,Howard,7
OK,M,1986,Jamelle,7
OK,M,1986,Jimmie,7
OK,M,1986,Kasey,7
OK,M,1986,Louis,7
OK,M,1986,Manuel,7
OK,M,1986,Marquis,7
OK,M,1986,Myles,7
OK,M,1986,Nicolas,7
OK,M,1986,Nolan,7
OK,M,1986,Omar,7
OK,M,1986,Quentin,7
OK,M,1986,Randal,7
OK,M,1986,Rowdy,7
OK,M,1986,Sheldon,7
OK,M,1986,Simon,7
OK,M,1986,Skylar,7
OK,M,1986,Sonny,7
OK,M,1986,Stephan,7
OK,M,1986,Terrence,7
OK,M,1986,Tyrell,7
OK,M,1986,Tyrone,7
OK,M,1986,Will,7
OK,M,1986,Allan,6
OK,M,1986,Alonzo,6
OK,M,1986,Aron,6
OK,M,1986,Asa,6
OK,M,1986,Brendon,6
OK,M,1986,Cecil,6
OK,M,1986,Chris,6
OK,M,1986,Cooper,6
OK,M,1986,Cornelius,6
OK,M,1986,Damon,6
OK,M,1986,Davis,6
OK,M,1986,Dean,6
OK,M,1986,Deandre,6
OK,M,1986,Dwight,6
OK,M,1986,Edwin,6
OK,M,1986,Emmanuel,6
OK,M,1986,Gavin,6
OK,M,1986,Harley,6
OK,M,1986,Hector,6
OK,M,1986,Jace,6
OK,M,1986,Jamal,6
OK,M,1986,Jamel,6
OK,M,1986,Jayce,6
OK,M,1986,Jerrad,6
OK,M,1986,Jesus,6
OK,M,1986,Kellen,6
OK,M,1986,Kelsey,6
OK,M,1986,Kenton,6
OK,M,1986,Kirby,6
OK,M,1986,Korey,6
OK,M,1986,Kristofer,6
OK,M,1986,Leo,6
OK,M,1986,Leon,6
OK,M,1986,Malcolm,6
OK,M,1986,Maurice,6
OK,M,1986,Nathanial,6
OK,M,1986,Robbie,6
OK,M,1986,Robin,6
OK,M,1986,Sam,6
OK,M,1986,Sherman,6
OK,M,1986,Skyler,6
OK,M,1986,Terence,6
OK,M,1986,Titus,6
OK,M,1986,Tracey,6
OK,M,1986,Vernon,6
OK,M,1986,Wyatt,6
OK,M,1986,Xavier,6
OK,M,1986,Ali,5
OK,M,1986,Ashley,5
OK,M,1986,Barron,5
OK,M,1986,Bret,5
OK,M,1986,Brody,5
OK,M,1986,Bryant,5
OK,M,1986,Cale,5
OK,M,1986,Carey,5
OK,M,1986,Carson,5
OK,M,1986,Clark,5
OK,M,1986,Codey,5
OK,M,1986,Connor,5
OK,M,1986,Cordell,5
OK,M,1986,Dax,5
OK,M,1986,Dayton,5
OK,M,1986,Dejuan,5
OK,M,1986,Dirk,5
OK,M,1986,Edgar,5
OK,M,1986,Freddie,5
OK,M,1986,Gerard,5
OK,M,1986,Guy,5
OK,M,1986,Harrison,5
OK,M,1986,Hayden,5
OK,M,1986,Herman,5
OK,M,1986,Houston,5
OK,M,1986,Israel,5
OK,M,1986,Jackson,5
OK,M,1986,Jaime,5
OK,M,1986,Jaron,5
OK,M,1986,Jeff,5
OK,M,1986,Jeremie,5
OK,M,1986,Jim,5
OK,M,1986,Joesph,5
OK,M,1986,Josue,5
OK,M,1986,Kurtis,5
OK,M,1986,Laramie,5
OK,M,1986,Lloyd,5
OK,M,1986,Loren,5
OK,M,1986,Marco,5
OK,M,1986,Monte,5
OK,M,1986,Payton,5
OK,M,1986,Quincy,5
OK,M,1986,Rafael,5
OK,M,1986,Rance,5
OK,M,1986,Ray,5
OK,M,1986,Reid,5
OK,M,1986,Rick,5
OK,M,1986,Roberto,5
OK,M,1986,Roderick,5
OK,M,1986,Ruben,5
OK,M,1986,Stacy,5
OK,M,1986,Stefan,5
OK,M,1986,Tad,5
OK,M,1986,Vance,5
OK,M,1986,Wendell,5
OK,M,1986,Zackery,5
OK,M,1987,Michael,676
OK,M,1987,Christopher,672
OK,M,1987,Joshua,634
OK,M,1987,Matthew,568
OK,M,1987,Justin,474
OK,M,1987,James,447
OK,M,1987,David,440
OK,M,1987,Brandon,355
OK,M,1987,John,355
OK,M,1987,Robert,340
OK,M,1987,Kyle,333
OK,M,1987,Daniel,331
OK,M,1987,Ryan,324
OK,M,1987,Andrew,314
OK,M,1987,Cody,308
OK,M,1987,William,287
OK,M,1987,Jacob,265
OK,M,1987,Joseph,259
OK,M,1987,Tyler,244
OK,M,1987,Steven,238
OK,M,1987,Jeremy,235
OK,M,1987,Anthony,222
OK,M,1987,Aaron,218
OK,M,1987,Dustin,218
OK,M,1987,Zachary,217
OK,M,1987,Jonathan,214
OK,M,1987,Timothy,207
OK,M,1987,Jason,205
OK,M,1987,Eric,194
OK,M,1987,Kevin,189
OK,M,1987,Brian,180
OK,M,1987,Nicholas,175
OK,M,1987,Adam,173
OK,M,1987,Travis,164
OK,M,1987,Thomas,162
OK,M,1987,Charles,158
OK,M,1987,Stephen,156
OK,M,1987,Derek,154
OK,M,1987,Jeffrey,152
OK,M,1987,Benjamin,147
OK,M,1987,Nathan,140
OK,M,1987,Richard,138
OK,M,1987,Mark,131
OK,M,1987,Jared,129
OK,M,1987,Jordan,129
OK,M,1987,Bradley,124
OK,M,1987,Jesse,119
OK,M,1987,Sean,115
OK,M,1987,Kenneth,112
OK,M,1987,Patrick,110
OK,M,1987,Samuel,107
OK,M,1987,Chad,106
OK,M,1987,Blake,101
OK,M,1987,Bryan,101
OK,M,1987,Austin,98
OK,M,1987,Scott,97
OK,M,1987,Cory,96
OK,M,1987,Gregory,86
OK,M,1987,Brett,84
OK,M,1987,Phillip,83
OK,M,1987,Casey,81
OK,M,1987,Caleb,80
OK,M,1987,Shawn,78
OK,M,1987,Brent,74
OK,M,1987,Alexander,73
OK,M,1987,Corey,70
OK,M,1987,Paul,68
OK,M,1987,Wesley,68
OK,M,1987,Chase,67
OK,M,1987,Seth,65
OK,M,1987,Derrick,63
OK,M,1987,Donald,62
OK,M,1987,Shane,62
OK,M,1987,Clinton,59
OK,M,1987,Bobby,57
OK,M,1987,Cameron,57
OK,M,1987,Lance,57
OK,M,1987,Marcus,57
OK,M,1987,Billy,56
OK,M,1987,Jimmy,53
OK,M,1987,Joel,53
OK,M,1987,Levi,53
OK,M,1987,Gary,51
OK,M,1987,Jeremiah,51
OK,M,1987,Mitchell,51
OK,M,1987,Trevor,51
OK,M,1987,Alex,50
OK,M,1987,Clayton,50
OK,M,1987,Evan,50
OK,M,1987,Luke,49
OK,M,1987,Garrett,48
OK,M,1987,Jeffery,48
OK,M,1987,Curtis,47
OK,M,1987,Dylan,47
OK,M,1987,Keith,47
OK,M,1987,Micheal,47
OK,M,1987,Preston,45
OK,M,1987,Taylor,45
OK,M,1987,Edward,44
OK,M,1987,Devin,43
OK,M,1987,Randy,43
OK,M,1987,Terry,43
OK,M,1987,Jose,42
OK,M,1987,Grant,41
OK,M,1987,Kristopher,41
OK,M,1987,Philip,41
OK,M,1987,Ricky,41
OK,M,1987,Johnny,40
OK,M,1987,Larry,40
OK,M,1987,Logan,40
OK,M,1987,Tanner,40
OK,M,1987,Ronald,39
OK,M,1987,Jerry,38
OK,M,1987,Cole,37
OK,M,1987,George,37
OK,M,1987,Russell,37
OK,M,1987,Spencer,37
OK,M,1987,Johnathan,36
OK,M,1987,Adrian,35
OK,M,1987,Antonio,35
OK,M,1987,Jon,33
OK,M,1987,Jonathon,33
OK,M,1987,Nathaniel,32
OK,M,1987,Tony,32
OK,M,1987,Lucas,31
OK,M,1987,Micah,31
OK,M,1987,Chance,30
OK,M,1987,Jake,30
OK,M,1987,Jay,30
OK,M,1987,Carl,28
OK,M,1987,Rodney,28
OK,M,1987,Dakota,27
OK,M,1987,Danny,27
OK,M,1987,Raymond,27
OK,M,1987,Todd,27
OK,M,1987,Tommy,27
OK,M,1987,Troy,27
OK,M,1987,Darren,26
OK,M,1987,Randall,26
OK,M,1987,Trent,26
OK,M,1987,Colby,25
OK,M,1987,Craig,25
OK,M,1987,Dillon,25
OK,M,1987,Drew,25
OK,M,1987,Erik,25
OK,M,1987,Alan,24
OK,M,1987,Heath,24
OK,M,1987,Ian,24
OK,M,1987,Mathew,24
OK,M,1987,Douglas,23
OK,M,1987,Jack,23
OK,M,1987,Kaleb,23
OK,M,1987,Colin,22
OK,M,1987,Dennis,22
OK,M,1987,Kendall,22
OK,M,1987,Peter,22
OK,M,1987,Ronnie,22
OK,M,1987,Bryce,21
OK,M,1987,Joe,21
OK,M,1987,Roger,21
OK,M,1987,Tyson,21
OK,M,1987,Christian,20
OK,M,1987,Dallas,20
OK,M,1987,Isaac,20
OK,M,1987,Jamie,20
OK,M,1987,Lawrence,20
OK,M,1987,Mario,20
OK,M,1987,Ross,20
OK,M,1987,Allen,19
OK,M,1987,Andre,19
OK,M,1987,Braden,19
OK,M,1987,Dusty,19
OK,M,1987,Jarrod,19
OK,M,1987,Kory,19
OK,M,1987,Trenton,19
OK,M,1987,Brady,18
OK,M,1987,Bruce,18
OK,M,1987,Clay,18
OK,M,1987,Henry,18
OK,M,1987,Jessie,18
OK,M,1987,Landon,18
OK,M,1987,Mason,18
OK,M,1987,Roy,18
OK,M,1987,Clint,17
OK,M,1987,Frank,17
OK,M,1987,Jesus,17
OK,M,1987,Joey,17
OK,M,1987,Victor,17
OK,M,1987,Eli,16
OK,M,1987,Gabriel,16
OK,M,1987,Jerrod,16
OK,M,1987,Kasey,16
OK,M,1987,Lee,16
OK,M,1987,Max,16
OK,M,1987,Quinton,16
OK,M,1987,Terrance,16
OK,M,1987,Beau,15
OK,M,1987,Colt,15
OK,M,1987,Kelly,15
OK,M,1987,Stuart,15
OK,M,1987,Vincent,15
OK,M,1987,Carlos,14
OK,M,1987,Connor,14
OK,M,1987,Darrell,14
OK,M,1987,Franklin,14
OK,M,1987,Gerald,14
OK,M,1987,Johnathon,14
OK,M,1987,Rusty,14
OK,M,1987,Shelby,14
OK,M,1987,Skyler,14
OK,M,1987,Toby,14
OK,M,1987,Tristan,14
OK,M,1987,Zachery,14
OK,M,1987,Albert,13
OK,M,1987,Branden,13
OK,M,1987,Bryant,13
OK,M,1987,Byron,13
OK,M,1987,Chris,13
OK,M,1987,Geoffrey,13
OK,M,1987,Jaron,13
OK,M,1987,Kerry,13
OK,M,1987,Marshall,13
OK,M,1987,Martin,13
OK,M,1987,Marvin,13
OK,M,1987,Miguel,13
OK,M,1987,Morgan,13
OK,M,1987,Riley,13
OK,M,1987,Trey,13
OK,M,1987,Brad,12
OK,M,1987,Brendan,12
OK,M,1987,Brock,12
OK,M,1987,Clifton,12
OK,M,1987,Dale,12
OK,M,1987,Dane,12
OK,M,1987,Derick,12
OK,M,1987,Erick,12
OK,M,1987,Juan,12
OK,M,1987,Shaun,12
OK,M,1987,Stanley,12
OK,M,1987,Willie,12
OK,M,1987,Calvin,11
OK,M,1987,Collin,11
OK,M,1987,Daryl,11
OK,M,1987,Dewayne,11
OK,M,1987,Dexter,11
OK,M,1987,Earl,11
OK,M,1987,Eddie,11
OK,M,1987,Elijah,11
OK,M,1987,Isaiah,11
OK,M,1987,Jarod,11
OK,M,1987,Jarred,11
OK,M,1987,Javier,11
OK,M,1987,Jerod,11
OK,M,1987,Jerome,11
OK,M,1987,Kirk,11
OK,M,1987,Kody,11
OK,M,1987,Marc,11
OK,M,1987,Marquis,11
OK,M,1987,Parker,11
OK,M,1987,Rickey,11
OK,M,1987,Arthur,10
OK,M,1987,Barry,10
OK,M,1987,Bradly,10
OK,M,1987,Courtney,10
OK,M,1987,Damon,10
OK,M,1987,Devon,10
OK,M,1987,Harold,10
OK,M,1987,Hunter,10
OK,M,1987,Israel,10
OK,M,1987,Jackie,10
OK,M,1987,Jimmie,10
OK,M,1987,Jody,10
OK,M,1987,Josiah,10
OK,M,1987,Manuel,10
OK,M,1987,Maurice,10
OK,M,1987,Neil,10
OK,M,1987,Ruben,10
OK,M,1987,Vernon,10
OK,M,1987,Walter,10
OK,M,1987,Wayne,10
OK,M,1987,Blaine,9
OK,M,1987,Brendon,9
OK,M,1987,Buddy,9
OK,M,1987,Cedric,9
OK,M,1987,Darin,9
OK,M,1987,Jackson,9
OK,M,1987,Jeff,9
OK,M,1987,Leonard,9
OK,M,1987,Nickolas,9
OK,M,1987,Oscar,9
OK,M,1987,Ray,9
OK,M,1987,Rocky,9
OK,M,1987,Roderick,9
OK,M,1987,Sterling,9
OK,M,1987,Terrell,9
OK,M,1987,Waylon,9
OK,M,1987,Zachariah,9
OK,M,1987,Brenton,8
OK,M,1987,Clifford,8
OK,M,1987,Conner,8
OK,M,1987,Coty,8
OK,M,1987,Damien,8
OK,M,1987,Donovan,8
OK,M,1987,Edwin,8
OK,M,1987,Glen,8
OK,M,1987,Houston,8
OK,M,1987,Jace,8
OK,M,1987,Kurt,8
OK,M,1987,Kurtis,8
OK,M,1987,Kyler,8
OK,M,1987,Lewis,8
OK,M,1987,Lonnie,8
OK,M,1987,Melvin,8
OK,M,1987,Noah,8
OK,M,1987,Reginald,8
OK,M,1987,Rhett,8
OK,M,1987,Sidney,8
OK,M,1987,Teddy,8
OK,M,1987,Weston,8
OK,M,1987,Will,8
OK,M,1987,Zackary,8
OK,M,1987,Zane,8
OK,M,1987,Andy,7
OK,M,1987,Bret,7
OK,M,1987,Bronson,7
OK,M,1987,Carlton,7
OK,M,1987,Colton,7
OK,M,1987,Corbin,7
OK,M,1987,Coy,7
OK,M,1987,Darryl,7
OK,M,1987,Dean,7
OK,M,1987,Deandre,7
OK,M,1987,Demetrius,7
OK,M,1987,Dominic,7
OK,M,1987,Dominique,7
OK,M,1987,Don,7
OK,M,1987,Donnie,7
OK,M,1987,Emmanuel,7
OK,M,1987,Garret,7
OK,M,1987,Greg,7
OK,M,1987,Harrison,7
OK,M,1987,Jakob,7
OK,M,1987,Jayson,7
OK,M,1987,Jered,7
OK,M,1987,Josh,7
OK,M,1987,Karl,7
OK,M,1987,Kent,7
OK,M,1987,Kolby,7
OK,M,1987,Lloyd,7
OK,M,1987,Marco,7
OK,M,1987,Marlon,7
OK,M,1987,Marty,7
OK,M,1987,Miles,7
OK,M,1987,Ricardo,7
OK,M,1987,Roberto,7
OK,M,1987,Roman,7
OK,M,1987,Rowdy,7
OK,M,1987,Sammy,7
OK,M,1987,Sheldon,7
OK,M,1987,Stefan,7
OK,M,1987,Ted,7
OK,M,1987,Theodore,7
OK,M,1987,Zackery,7
OK,M,1987,Arron,6
OK,M,1987,Barrett,6
OK,M,1987,Ben,6
OK,M,1987,Brandt,6
OK,M,1987,Cale,6
OK,M,1987,Clarence,6
OK,M,1987,Clark,6
OK,M,1987,Donte,6
OK,M,1987,Dwight,6
OK,M,1987,Gavin,6
OK,M,1987,Howard,6
OK,M,1987,Jamal,6
OK,M,1987,Jermaine,6
OK,M,1987,Jermey,6
OK,M,1987,Julian,6
OK,M,1987,Kale,6
OK,M,1987,Keaton,6
OK,M,1987,Keenan,6
OK,M,1987,Kelley,6
OK,M,1987,Kenny,6
OK,M,1987,Leon,6
OK,M,1987,Lester,6
OK,M,1987,Louis,6
OK,M,1987,Luis,6
OK,M,1987,Madison,6
OK,M,1987,Matt,6
OK,M,1987,Nathanael,6
OK,M,1987,Nicolas,6
OK,M,1987,Noe,6
OK,M,1987,Oliver,6
OK,M,1987,Owen,6
OK,M,1987,Quentin,6
OK,M,1987,Ramon,6
OK,M,1987,Randal,6
OK,M,1987,Scotty,6
OK,M,1987,Stephan,6
OK,M,1987,Stewart,6
OK,M,1987,Stormy,6
OK,M,1987,Wade,6
OK,M,1987,Warren,6
OK,M,1987,Wyatt,6
OK,M,1987,Addison,5
OK,M,1987,Alvin,5
OK,M,1987,Amos,5
OK,M,1987,Bo,5
OK,M,1987,Brannon,5
OK,M,1987,Brenden,5
OK,M,1987,Brennan,5
OK,M,1987,Brice,5
OK,M,1987,Carter,5
OK,M,1987,Cecil,5
OK,M,1987,Chadwick,5
OK,M,1987,Cheyenne,5
OK,M,1987,Dalton,5
OK,M,1987,Dante,5
OK,M,1987,Daren,5
OK,M,1987,Demarco,5
OK,M,1987,Demario,5
OK,M,1987,Denton,5
OK,M,1987,Desmond,5
OK,M,1987,Dwayne,5
OK,M,1987,Edgar,5
OK,M,1987,Forrest,5
OK,M,1987,Francisco,5
OK,M,1987,Frankie,5
OK,M,1987,Gilbert,5
OK,M,1987,Graham,5
OK,M,1987,Harvey,5
OK,M,1987,Hector,5
OK,M,1987,Jamelle,5
OK,M,1987,Jamison,5
OK,M,1987,Jarrett,5
OK,M,1987,Jerad,5
OK,M,1987,Jeramy,5
OK,M,1987,Jessy,5
OK,M,1987,Jim,5
OK,M,1987,Julius,5
OK,M,1987,Justen,5
OK,M,1987,Keegan,5
OK,M,1987,Kelvin,5
OK,M,1987,Kendal,5
OK,M,1987,Kirby,5
OK,M,1987,Korey,5
OK,M,1987,Lane,5
OK,M,1987,Mackenzie,5
OK,M,1987,Maxwell,5
OK,M,1987,Mitchel,5
OK,M,1987,Montana,5
OK,M,1987,Nelson,5
OK,M,1987,Noel,5
OK,M,1987,Paden,5
OK,M,1987,Ramsey,5
OK,M,1987,Randon,5
OK,M,1987,Rashad,5
OK,M,1987,Reuben,5
OK,M,1987,Shannon,5
OK,M,1987,Simon,5
OK,M,1987,Steve,5
OK,M,1987,Terrence,5
OK,M,1987,Tory,5
OK,M,1987,Tye,5
OK,M,1987,Tyrel,5
OK,M,1987,Tyrone,5
OK,M,1987,Virgil,5
OK,M,1987,Xavier,5
OK,M,1988,Joshua,697
OK,M,1988,Christopher,636
OK,M,1988,Michael,612
OK,M,1988,Matthew,514
OK,M,1988,Justin,502
OK,M,1988,James,423
OK,M,1988,David,358
OK,M,1988,Robert,344
OK,M,1988,Cody,338
OK,M,1988,Ryan,334
OK,M,1988,Brandon,331
OK,M,1988,Andrew,326
OK,M,1988,John,322
OK,M,1988,Daniel,319
OK,M,1988,Kyle,316
OK,M,1988,Tyler,313
OK,M,1988,William,290
OK,M,1988,Joseph,265
OK,M,1988,Jacob,263
OK,M,1988,Zachary,245
OK,M,1988,Jonathan,235
OK,M,1988,Aaron,223
OK,M,1988,Nicholas,218
OK,M,1988,Steven,215
OK,M,1988,Jeremy,196
OK,M,1988,Dustin,192
OK,M,1988,Kevin,192
OK,M,1988,Eric,188
OK,M,1988,Thomas,187
OK,M,1988,Timothy,182
OK,M,1988,Anthony,181
OK,M,1988,Brian,175
OK,M,1988,Travis,166
OK,M,1988,Stephen,155
OK,M,1988,Jason,153
OK,M,1988,Adam,152
OK,M,1988,Benjamin,151
OK,M,1988,Charles,146
OK,M,1988,Richard,146
OK,M,1988,Austin,141
OK,M,1988,Nathan,140
OK,M,1988,Jeffrey,132
OK,M,1988,Bradley,131
OK,M,1988,Jordan,123
OK,M,1988,Samuel,122
OK,M,1988,Derek,121
OK,M,1988,Mark,111
OK,M,1988,Cory,110
OK,M,1988,Jesse,108
OK,M,1988,Sean,104
OK,M,1988,Jared,101
OK,M,1988,Patrick,99
OK,M,1988,Kenneth,97
OK,M,1988,Blake,95
OK,M,1988,Corey,93
OK,M,1988,Cameron,90
OK,M,1988,Bryan,88
OK,M,1988,Casey,87
OK,M,1988,Chase,85
OK,M,1988,Shawn,80
OK,M,1988,Wesley,80
OK,M,1988,Alexander,79
OK,M,1988,Caleb,79
OK,M,1988,Chad,77
OK,M,1988,Scott,72
OK,M,1988,Seth,72
OK,M,1988,Shane,72
OK,M,1988,Taylor,72
OK,M,1988,Phillip,71
OK,M,1988,Paul,70
OK,M,1988,Brett,68
OK,M,1988,Logan,67
OK,M,1988,Trevor,65
OK,M,1988,Gregory,64
OK,M,1988,Billy,63
OK,M,1988,Derrick,63
OK,M,1988,Evan,62
OK,M,1988,Marcus,61
OK,M,1988,Alex,54
OK,M,1988,Nathaniel,54
OK,M,1988,Lance,53
OK,M,1988,Keith,52
OK,M,1988,Mitchell,52
OK,M,1988,Brent,50
OK,M,1988,Donald,50
OK,M,1988,Colby,49
OK,M,1988,Dakota,48
OK,M,1988,Russell,48
OK,M,1988,Devin,47
OK,M,1988,Levi,47
OK,M,1988,Curtis,46
OK,M,1988,Gary,46
OK,M,1988,Jerry,46
OK,M,1988,Bobby,45
OK,M,1988,Chance,45
OK,M,1988,Jimmy,45
OK,M,1988,Jeffery,44
OK,M,1988,Jeremiah,44
OK,M,1988,Joel,44
OK,M,1988,Johnathan,44
OK,M,1988,Micheal,44
OK,M,1988,Ronald,44
OK,M,1988,Bryce,43
OK,M,1988,Clayton,42
OK,M,1988,Garrett,42
OK,M,1988,Jonathon,42
OK,M,1988,Kristopher,41
OK,M,1988,Clinton,40
OK,M,1988,Larry,40
OK,M,1988,Preston,39
OK,M,1988,Spencer,39
OK,M,1988,Lucas,38
OK,M,1988,Randy,38
OK,M,1988,Johnny,37
OK,M,1988,Edward,36
OK,M,1988,Terry,36
OK,M,1988,Colton,35
OK,M,1988,Tanner,35
OK,M,1988,Tommy,35
OK,M,1988,Tony,35
OK,M,1988,Vincent,35
OK,M,1988,Douglas,34
OK,M,1988,Drew,34
OK,M,1988,Luke,34
OK,M,1988,Craig,33
OK,M,1988,Randall,33
OK,M,1988,Antonio,32
OK,M,1988,Rodney,32
OK,M,1988,Brady,31
OK,M,1988,Jake,31
OK,M,1988,Jay,30
OK,M,1988,Dillon,29
OK,M,1988,George,29
OK,M,1988,Grant,29
OK,M,1988,Heath,29
OK,M,1988,Ricky,29
OK,M,1988,Roger,29
OK,M,1988,Jose,28
OK,M,1988,Todd,28
OK,M,1988,Dylan,27
OK,M,1988,Landon,27
OK,M,1988,Philip,27
OK,M,1988,Ian,26
OK,M,1988,Jessie,26
OK,M,1988,Micah,26
OK,M,1988,Raymond,26
OK,M,1988,Trent,26
OK,M,1988,Troy,26
OK,M,1988,Dennis,25
OK,M,1988,Ronnie,25
OK,M,1988,Trenton,25
OK,M,1988,Adrian,24
OK,M,1988,Carl,24
OK,M,1988,Danny,24
OK,M,1988,Victor,24
OK,M,1988,Darren,23
OK,M,1988,Erik,23
OK,M,1988,Jack,23
OK,M,1988,Juan,23
OK,M,1988,Kendall,23
OK,M,1988,Kody,23
OK,M,1988,Christian,22
OK,M,1988,Gabriel,22
OK,M,1988,Jon,22
OK,M,1988,Alan,21
OK,M,1988,Allen,21
OK,M,1988,Bryant,21
OK,M,1988,Kelly,21
OK,M,1988,Martin,21
OK,M,1988,Peter,21
OK,M,1988,Colin,20
OK,M,1988,Elijah,20
OK,M,1988,Henry,20
OK,M,1988,Clifford,19
OK,M,1988,Joe,19
OK,M,1988,Johnathon,19
OK,M,1988,Lee,19
OK,M,1988,Mathew,19
OK,M,1988,Ross,19
OK,M,1988,Shaun,19
OK,M,1988,Trey,19
OK,M,1988,Cole,18
OK,M,1988,Frank,18
OK,M,1988,Mason,18
OK,M,1988,Albert,17
OK,M,1988,Clay,17
OK,M,1988,Darrell,17
OK,M,1988,Ethan,17
OK,M,1988,Isaac,17
OK,M,1988,Jamie,17
OK,M,1988,Jarrod,17
OK,M,1988,Kirk,17
OK,M,1988,Willie,17
OK,M,1988,Andre,16
OK,M,1988,Carlos,16
OK,M,1988,Dallas,16
OK,M,1988,Isaiah,16
OK,M,1988,Kaleb,16
OK,M,1988,Marshall,16
OK,M,1988,Derick,15
OK,M,1988,Devon,15
OK,M,1988,Hunter,15
OK,M,1988,Mario,15
OK,M,1988,Maurice,15
OK,M,1988,Roy,15
OK,M,1988,Wade,15
OK,M,1988,Walter,15
OK,M,1988,Byron,14
OK,M,1988,Daryl,14
OK,M,1988,Deandre,14
OK,M,1988,Dusty,14
OK,M,1988,Geoffrey,14
OK,M,1988,Gerald,14
OK,M,1988,Jerrod,14
OK,M,1988,Jesus,14
OK,M,1988,Josiah,14
OK,M,1988,Lawrence,14
OK,M,1988,Nickolas,14
OK,M,1988,Nicolas,14
OK,M,1988,Riley,14
OK,M,1988,Skyler,14
OK,M,1988,Terrance,14
OK,M,1988,Ty,14
OK,M,1988,Zackary,14
OK,M,1988,Blaine,13
OK,M,1988,Bryson,13
OK,M,1988,Clint,13
OK,M,1988,Dale,13
OK,M,1988,Donte,13
OK,M,1988,Eddie,13
OK,M,1988,Kasey,13
OK,M,1988,Kory,13
OK,M,1988,Marc,13
OK,M,1988,Miles,13
OK,M,1988,Parker,13
OK,M,1988,Tristan,13
OK,M,1988,Zachery,13
OK,M,1988,Connor,12
OK,M,1988,Corbin,12
OK,M,1988,Deangelo,12
OK,M,1988,Dominique,12
OK,M,1988,Joey,12
OK,M,1988,Kelby,12
OK,M,1988,Korey,12
OK,M,1988,Lonnie,12
OK,M,1988,Louis,12
OK,M,1988,Max,12
OK,M,1988,Stanley,12
OK,M,1988,Zachariah,12
OK,M,1988,Andy,11
OK,M,1988,Arthur,11
OK,M,1988,Brad,11
OK,M,1988,Brendan,11
OK,M,1988,Chaz,11
OK,M,1988,Coty,11
OK,M,1988,Dwight,11
OK,M,1988,Jarred,11
OK,M,1988,Lloyd,11
OK,M,1988,Miguel,11
OK,M,1988,Reginald,11
OK,M,1988,Stuart,11
OK,M,1988,Weston,11
OK,M,1988,Xavier,11
OK,M,1988,Bruce,10
OK,M,1988,Calvin,10
OK,M,1988,Carson,10
OK,M,1988,Colt,10
OK,M,1988,Dominic,10
OK,M,1988,Don,10
OK,M,1988,Forrest,10
OK,M,1988,Jerome,10
OK,M,1988,Julian,10
OK,M,1988,Kent,10
OK,M,1988,Quinton,10
OK,M,1988,Ricardo,10
OK,M,1988,Rocky,10
OK,M,1988,Ruben,10
OK,M,1988,Terrence,10
OK,M,1988,Warren,10
OK,M,1988,Zackery,10
OK,M,1988,Allan,9
OK,M,1988,Beau,9
OK,M,1988,Brock,9
OK,M,1988,Chadwick,9
OK,M,1988,Collin,9
OK,M,1988,Damon,9
OK,M,1988,Darryl,9
OK,M,1988,Donovan,9
OK,M,1988,Edwin,9
OK,M,1988,Erick,9
OK,M,1988,Harrison,9
OK,M,1988,Harvey,9
OK,M,1988,Houston,9
OK,M,1988,Ivan,9
OK,M,1988,Jaime,9
OK,M,1988,Jordon,9
OK,M,1988,Kameron,9
OK,M,1988,Kurtis,9
OK,M,1988,Leonard,9
OK,M,1988,Manuel,9
OK,M,1988,Marvin,9
OK,M,1988,Nolan,9
OK,M,1988,Quentin,9
OK,M,1988,Rickey,9
OK,M,1988,Rusty,9
OK,M,1988,Steve,9
OK,M,1988,Toby,9
OK,M,1988,Barry,8
OK,M,1988,Braden,8
OK,M,1988,Bradly,8
OK,M,1988,Cecil,8
OK,M,1988,Chris,8
OK,M,1988,Conner,8
OK,M,1988,Dante,8
OK,M,1988,Dewayne,8
OK,M,1988,Earl,8
OK,M,1988,Elliott,8
OK,M,1988,Gilbert,8
OK,M,1988,Guy,8
OK,M,1988,Jackie,8
OK,M,1988,Jayson,8
OK,M,1988,Jerod,8
OK,M,1988,Karl,8
OK,M,1988,Keenan,8
OK,M,1988,Kendal,8
OK,M,1988,Luis,8
OK,M,1988,Marlon,8
OK,M,1988,Marquis,8
OK,M,1988,Monty,8
OK,M,1988,Ralph,8
OK,M,1988,Roman,8
OK,M,1988,Shannon,8
OK,M,1988,Shelby,8
OK,M,1988,Tyrone,8
OK,M,1988,Tyson,8
OK,M,1988,Wayne,8
OK,M,1988,Zane,8
OK,M,1988,Alvin,7
OK,M,1988,Branden,7
OK,M,1988,Brantley,7
OK,M,1988,Brenton,7
OK,M,1988,Bret,7
OK,M,1988,Brice,7
OK,M,1988,Buddy,7
OK,M,1988,Clarence,7
OK,M,1988,Clifton,7
OK,M,1988,Dane,7
OK,M,1988,Darin,7
OK,M,1988,Donavan,7
OK,M,1988,Edgar,7
OK,M,1988,Emanuel,7
OK,M,1988,Eugene,7
OK,M,1988,Harry,7
OK,M,1988,Howard,7
OK,M,1988,Jerad,7
OK,M,1988,Jermaine,7
OK,M,1988,Jody,7
OK,M,1988,Kerry,7
OK,M,1988,Kurt,7
OK,M,1988,Kyler,7
OK,M,1988,Leslie,7
OK,M,1988,Lewis,7
OK,M,1988,Lorenzo,7
OK,M,1988,Melvin,7
OK,M,1988,Morgan,7
OK,M,1988,Norman,7
OK,M,1988,Omar,7
OK,M,1988,Perry,7
OK,M,1988,Randal,7
OK,M,1988,Ray,7
OK,M,1988,Scotty,7
OK,M,1988,Sheldon,7
OK,M,1988,Ted,7
OK,M,1988,Tory,7
OK,M,1988,Tyrell,7
OK,M,1988,Alfred,6
OK,M,1988,Armando,6
OK,M,1988,Aron,6
OK,M,1988,Barrett,6
OK,M,1988,Brennan,6
OK,M,1988,Camron,6
OK,M,1988,Damian,6
OK,M,1988,Dangelo,6
OK,M,1988,Darius,6
OK,M,1988,Fernando,6
OK,M,1988,Frederick,6
OK,M,1988,Jace,6
OK,M,1988,Jamelle,6
OK,M,1988,Jarod,6
OK,M,1988,Jaron,6
OK,M,1988,Jarrett,6
OK,M,1988,Jerrad,6
OK,M,1988,Jimmie,6
OK,M,1988,Johnnie,6
OK,M,1988,Kelsey,6
OK,M,1988,Lane,6
OK,M,1988,Leroy,6
OK,M,1988,Loren,6
OK,M,1988,Mikel,6
OK,M,1988,Mitchel,6
OK,M,1988,Nathanael,6
OK,M,1988,Neil,6
OK,M,1988,Noah,6
OK,M,1988,Roberto,6
OK,M,1988,Sergio,6
OK,M,1988,Sonny,6
OK,M,1988,Stephan,6
OK,M,1988,Terence,6
OK,M,1988,Tylor,6
OK,M,1988,Vance,6
OK,M,1988,Vernon,6
OK,M,1988,Ace,5
OK,M,1988,Alec,5
OK,M,1988,Alonzo,5
OK,M,1988,Amos,5
OK,M,1988,Asa,5
OK,M,1988,Ashton,5
OK,M,1988,Avery,5
OK,M,1988,Bill,5
OK,M,1988,Blain,5
OK,M,1988,Braxton,5
OK,M,1988,Brody,5
OK,M,1988,Cale,5
OK,M,1988,Codey,5
OK,M,1988,Colten,5
OK,M,1988,Conrad,5
OK,M,1988,Courtney,5
OK,M,1988,Dalton,5
OK,M,1988,Darrick,5
OK,M,1988,Davis,5
OK,M,1988,Demarco,5
OK,M,1988,Denton,5
OK,M,1988,Deonte,5
OK,M,1988,Dereck,5
OK,M,1988,Emmanuel,5
OK,M,1988,Enrique,5
OK,M,1988,Ernest,5
OK,M,1988,Fred,5
OK,M,1988,Gavin,5
OK,M,1988,Glen,5
OK,M,1988,Glenn,5
OK,M,1988,Graham,5
OK,M,1988,Harley,5
OK,M,1988,Jacky,5
OK,M,1988,Jamal,5
OK,M,1988,Javier,5
OK,M,1988,Jess,5
OK,M,1988,Jorge,5
OK,M,1988,Julius,5
OK,M,1988,Keaton,5
OK,M,1988,Kenny,5
OK,M,1988,Koby,5
OK,M,1988,Lamar,5
OK,M,1988,Lester,5
OK,M,1988,Long,5
OK,M,1988,Mack,5
OK,M,1988,Maxwell,5
OK,M,1988,Monte,5
OK,M,1988,Noel,5
OK,M,1988,Oscar,5
OK,M,1988,Owen,5
OK,M,1988,Payton,5
OK,M,1988,Pedro,5
OK,M,1988,Peyton,5
OK,M,1988,Ramon,5
OK,M,1988,Rance,5
OK,M,1988,Raul,5
OK,M,1988,Rowdy,5
OK,M,1988,Sammy,5
OK,M,1988,Simon,5
OK,M,1988,Steffan,5
OK,M,1988,Steffen,5
OK,M,1988,Sterling,5
OK,M,1988,Stetson,5
OK,M,1988,Teddy,5
OK,M,1988,Terrell,5
OK,M,1988,Timmy,5
OK,M,1988,Tomas,5
OK,M,1988,Tracy,5
OK,M,1988,Trevin,5
OK,M,1988,Tyrel,5
OK,M,1988,Waylon,5
OK,M,1988,Will,5
OK,M,1988,Winston,5
OK,M,1988,Yancy,5
OK,M,1989,Joshua,646
OK,M,1989,Michael,603
OK,M,1989,Christopher,584
OK,M,1989,Matthew,492
OK,M,1989,Justin,458
OK,M,1989,James,398
OK,M,1989,John,340
OK,M,1989,David,334
OK,M,1989,Tyler,331
OK,M,1989,Andrew,319
OK,M,1989,Brandon,313
OK,M,1989,William,311
OK,M,1989,Daniel,306
OK,M,1989,Robert,297
OK,M,1989,Kyle,296
OK,M,1989,Cody,292
OK,M,1989,Zachary,271
OK,M,1989,Ryan,267
OK,M,1989,Jacob,265
OK,M,1989,Joseph,256
OK,M,1989,Nicholas,246
OK,M,1989,Aaron,241
OK,M,1989,Jonathan,230
OK,M,1989,Kevin,204
OK,M,1989,Dustin,203
OK,M,1989,Steven,203
OK,M,1989,Timothy,194
OK,M,1989,Jeremy,189
OK,M,1989,Eric,186
OK,M,1989,Anthony,174
OK,M,1989,Austin,167
OK,M,1989,Brian,166
OK,M,1989,Jordan,159
OK,M,1989,Thomas,158
OK,M,1989,Nathan,151
OK,M,1989,Charles,147
OK,M,1989,Travis,147
OK,M,1989,Jesse,142
OK,M,1989,Jason,139
OK,M,1989,Benjamin,136
OK,M,1989,Richard,136
OK,M,1989,Derek,130
OK,M,1989,Adam,129
OK,M,1989,Jared,129
OK,M,1989,Jeffrey,128
OK,M,1989,Caleb,126
OK,M,1989,Bradley,118
OK,M,1989,Blake,117
OK,M,1989,Sean,115
OK,M,1989,Stephen,115
OK,M,1989,Cory,107
OK,M,1989,Samuel,107
OK,M,1989,Bryan,106
OK,M,1989,Chase,103
OK,M,1989,Patrick,95
OK,M,1989,Cameron,94
OK,M,1989,Kenneth,93
OK,M,1989,Alexander,92
OK,M,1989,Ethan,92
OK,M,1989,Mark,92
OK,M,1989,Corey,87
OK,M,1989,Taylor,85
OK,M,1989,Garrett,81
OK,M,1989,Phillip,78
OK,M,1989,Brett,77
OK,M,1989,Shawn,77
OK,M,1989,Casey,75
OK,M,1989,Bobby,74
OK,M,1989,Chad,73
OK,M,1989,Colton,72
OK,M,1989,Wesley,68
OK,M,1989,Trevor,66
OK,M,1989,Paul,65
OK,M,1989,Gregory,64
OK,M,1989,Logan,64
OK,M,1989,Billy,63
OK,M,1989,Scott,61
OK,M,1989,Seth,60
OK,M,1989,Shane,60
OK,M,1989,Levi,58
OK,M,1989,Devin,55
OK,M,1989,Dakota,54
OK,M,1989,Dillon,52
OK,M,1989,Tanner,52
OK,M,1989,Mitchell,50
OK,M,1989,Spencer,50
OK,M,1989,Dylan,49
OK,M,1989,Evan,49
OK,M,1989,Alex,47
OK,M,1989,Nathaniel,47
OK,M,1989,Ronald,47
OK,M,1989,Jimmy,46
OK,M,1989,Jeffery,45
OK,M,1989,Curtis,44
OK,M,1989,Jeremiah,44
OK,M,1989,Preston,44
OK,M,1989,Derrick,43
OK,M,1989,Larry,43
OK,M,1989,Marcus,43
OK,M,1989,Donald,42
OK,M,1989,Keith,42
OK,M,1989,Gary,41
OK,M,1989,Jonathon,41
OK,M,1989,Bryce,40
OK,M,1989,Clinton,40
OK,M,1989,Grant,40
OK,M,1989,Johnathan,40
OK,M,1989,Micah,40
OK,M,1989,Micheal,40
OK,M,1989,Clayton,39
OK,M,1989,Jerry,39
OK,M,1989,Brent,38
OK,M,1989,Antonio,37
OK,M,1989,Jake,37
OK,M,1989,Ian,36
OK,M,1989,Chance,35
OK,M,1989,Craig,35
OK,M,1989,Douglas,35
OK,M,1989,Edward,34
OK,M,1989,Johnny,34
OK,M,1989,Philip,34
OK,M,1989,Colby,33
OK,M,1989,Joel,33
OK,M,1989,Lucas,33
OK,M,1989,Ricky,33
OK,M,1989,Troy,33
OK,M,1989,Carl,32
OK,M,1989,Christian,32
OK,M,1989,Kristopher,32
OK,M,1989,George,31
OK,M,1989,Mathew,31
OK,M,1989,Randall,31
OK,M,1989,Rodney,31
OK,M,1989,Peter,30
OK,M,1989,Russell,30
OK,M,1989,Randy,29
OK,M,1989,Terry,29
OK,M,1989,Tommy,29
OK,M,1989,Trey,29
OK,M,1989,Jessie,28
OK,M,1989,Victor,28
OK,M,1989,Jon,27
OK,M,1989,Kendall,27
OK,M,1989,Drew,26
OK,M,1989,Raymond,26
OK,M,1989,Tony,26
OK,M,1989,Mason,25
OK,M,1989,Vincent,25
OK,M,1989,Darren,24
OK,M,1989,Geoffrey,24
OK,M,1989,Jarrod,24
OK,M,1989,Lance,24
OK,M,1989,Cole,23
OK,M,1989,Frank,23
OK,M,1989,Luke,23
OK,M,1989,Ross,23
OK,M,1989,Roy,23
OK,M,1989,Calvin,22
OK,M,1989,Heath,22
OK,M,1989,Landon,22
OK,M,1989,Martin,22
OK,M,1989,Walter,22
OK,M,1989,Adrian,21
OK,M,1989,Colin,21
OK,M,1989,Darrell,21
OK,M,1989,Hunter,21
OK,M,1989,Isaac,21
OK,M,1989,Jack,21
OK,M,1989,Juan,21
OK,M,1989,Todd,21
OK,M,1989,Trenton,21
OK,M,1989,Zachery,21
OK,M,1989,Dalton,20
OK,M,1989,Kaleb,20
OK,M,1989,Alan,19
OK,M,1989,Allen,19
OK,M,1989,Brady,19
OK,M,1989,Dallas,19
OK,M,1989,Trent,19
OK,M,1989,Blaine,18
OK,M,1989,Brendan,18
OK,M,1989,Brock,18
OK,M,1989,Erik,18
OK,M,1989,Jarod,18
OK,M,1989,Jose,18
OK,M,1989,Zackary,18
OK,M,1989,Clifton,17
OK,M,1989,Danny,17
OK,M,1989,Joey,17
OK,M,1989,Marquis,17
OK,M,1989,Reginald,17
OK,M,1989,Tyson,17
OK,M,1989,Bryant,16
OK,M,1989,Carlos,16
OK,M,1989,Clint,16
OK,M,1989,Dennis,16
OK,M,1989,Devon,16
OK,M,1989,Dominique,16
OK,M,1989,Jarred,16
OK,M,1989,Jay,16
OK,M,1989,Joe,16
OK,M,1989,Johnathon,16
OK,M,1989,Kody,16
OK,M,1989,Nickolas,16
OK,M,1989,Roger,16
OK,M,1989,Corbin,15
OK,M,1989,Dusty,15
OK,M,1989,Gabriel,15
OK,M,1989,Gerald,15
OK,M,1989,Henry,15
OK,M,1989,Isaiah,15
OK,M,1989,Lee,15
OK,M,1989,Max,15
OK,M,1989,Ronnie,15
OK,M,1989,Terrance,15
OK,M,1989,Zachariah,15
OK,M,1989,Andy,14
OK,M,1989,Julian,14
OK,M,1989,Kirk,14
OK,M,1989,Louis,14
OK,M,1989,Mario,14
OK,M,1989,Miles,14
OK,M,1989,Parker,14
OK,M,1989,Skyler,14
OK,M,1989,Stuart,14
OK,M,1989,Clay,13
OK,M,1989,Collin,13
OK,M,1989,Eddie,13
OK,M,1989,Jordon,13
OK,M,1989,Kelly,13
OK,M,1989,Shaun,13
OK,M,1989,Skylar,13
OK,M,1989,Tristan,13
OK,M,1989,Andre,12
OK,M,1989,Chaz,12
OK,M,1989,Connor,12
OK,M,1989,Damon,12
OK,M,1989,Elijah,12
OK,M,1989,Gordon,12
OK,M,1989,Luis,12
OK,M,1989,Morgan,12
OK,M,1989,Noah,12
OK,M,1989,Rusty,12
OK,M,1989,Terrence,12
OK,M,1989,Brice,11
OK,M,1989,Floyd,11
OK,M,1989,Harrison,11
OK,M,1989,Keenan,11
OK,M,1989,Kenny,11
OK,M,1989,Marshall,11
OK,M,1989,Mikel,11
OK,M,1989,Shelby,11
OK,M,1989,Tracy,11
OK,M,1989,Wade,11
OK,M,1989,Wyatt,11
OK,M,1989,Ashton,10
OK,M,1989,Branden,10
OK,M,1989,Bret,10
OK,M,1989,Bruce,10
OK,M,1989,Bryson,10
OK,M,1989,Byron,10
OK,M,1989,Cale,10
OK,M,1989,Earl,10
OK,M,1989,Ernest,10
OK,M,1989,Glen,10
OK,M,1989,Glenn,10
OK,M,1989,Jace,10
OK,M,1989,Kendrick,10
OK,M,1989,Kerry,10
OK,M,1989,Kolton,10
OK,M,1989,Lawrence,10
OK,M,1989,Lorenzo,10
OK,M,1989,Maurice,10
OK,M,1989,Omar,10
OK,M,1989,Quinton,10
OK,M,1989,Ray,10
OK,M,1989,Theodore,10
OK,M,1989,Toby,10
OK,M,1989,Wayne,10
OK,M,1989,Willie,10
OK,M,1989,Barry,9
OK,M,1989,Beau,9
OK,M,1989,Braden,9
OK,M,1989,Brennan,9
OK,M,1989,Chandler,9
OK,M,1989,Clifford,9
OK,M,1989,Colten,9
OK,M,1989,Dakotah,9
OK,M,1989,Darryl,9
OK,M,1989,Demetrius,9
OK,M,1989,Dexter,9
OK,M,1989,Donovan,9
OK,M,1989,Dwayne,9
OK,M,1989,Edwin,9
OK,M,1989,Franklin,9
OK,M,1989,Hayden,9
OK,M,1989,Houston,9
OK,M,1989,Jerad,9
OK,M,1989,Jerome,9
OK,M,1989,Kent,9
OK,M,1989,Korey,9
OK,M,1989,Kurt,9
OK,M,1989,Melvin,9
OK,M,1989,Neil,9
OK,M,1989,Nicolas,9
OK,M,1989,Nikolas,9
OK,M,1989,Norman,9
OK,M,1989,Rickey,9
OK,M,1989,Riley,9
OK,M,1989,Scotty,9
OK,M,1989,Shannon,9
OK,M,1989,Sonny,9
OK,M,1989,Stefan,9
OK,M,1989,Terrell,9
OK,M,1989,Trever,9
OK,M,1989,Vernon,9
OK,M,1989,Weston,9
OK,M,1989,Xavier,9
OK,M,1989,Zackery,9
OK,M,1989,Alvin,8
OK,M,1989,Carter,8
OK,M,1989,Cassidy,8
OK,M,1989,Coty,8
OK,M,1989,Dale,8
OK,M,1989,Derick,8
OK,M,1989,Donnie,8
OK,M,1989,Drake,8
OK,M,1989,Erick,8
OK,M,1989,Forrest,8
OK,M,1989,Francisco,8
OK,M,1989,Garrick,8
OK,M,1989,Gavin,8
OK,M,1989,Harley,8
OK,M,1989,Harold,8
OK,M,1989,Jackie,8
OK,M,1989,Jackson,8
OK,M,1989,Jaime,8
OK,M,1989,Jamie,8
OK,M,1989,Jerrod,8
OK,M,1989,Jimmie,8
OK,M,1989,Karl,8
OK,M,1989,Marc,8
OK,M,1989,Miguel,8
OK,M,1989,Montana,8
OK,M,1989,Nelson,8
OK,M,1989,Rowdy,8
OK,M,1989,Sergio,8
OK,M,1989,Tucker,8
OK,M,1989,Albert,7
OK,M,1989,Alec,7
OK,M,1989,Arthur,7
OK,M,1989,Asa,7
OK,M,1989,Britton,7
OK,M,1989,Brody,7
OK,M,1989,Carson,7
OK,M,1989,Cecil,7
OK,M,1989,Charlie,7
OK,M,1989,Chris,7
OK,M,1989,Clark,7
OK,M,1989,Colt,7
OK,M,1989,Dante,7
OK,M,1989,Darin,7
OK,M,1989,Donny,7
OK,M,1989,Emanuel,7
OK,M,1989,Emmanuel,7
OK,M,1989,Garret,7
OK,M,1989,Jarrett,7
OK,M,1989,Jess,7
OK,M,1989,Jesus,7
OK,M,1989,Kelby,7
OK,M,1989,Kurtis,7
OK,M,1989,Leslie,7
OK,M,1989,Lewis,7
OK,M,1989,Lonnie,7
OK,M,1989,Marvin,7
OK,M,1989,Nathanael,7
OK,M,1989,Neal,7
OK,M,1989,Orlando,7
OK,M,1989,Oscar,7
OK,M,1989,Perry,7
OK,M,1989,Quentin,7
OK,M,1989,Rex,7
OK,M,1989,Roberto,7
OK,M,1989,Rocky,7
OK,M,1989,Ruben,7
OK,M,1989,Stephan,7
OK,M,1989,Stetson,7
OK,M,1989,Ty,7
OK,M,1989,Tylor,7
OK,M,1989,Warren,7
OK,M,1989,Alejandro,6
OK,M,1989,Aron,6
OK,M,1989,Arron,6
OK,M,1989,Bo,6
OK,M,1989,Brad,6
OK,M,1989,Bradly,6
OK,M,1989,Brendon,6
OK,M,1989,Cary,6
OK,M,1989,Coleman,6
OK,M,1989,Dangelo,6
OK,M,1989,Daren,6
OK,M,1989,Deandre,6
OK,M,1989,Dejuan,6
OK,M,1989,Devan,6
OK,M,1989,Dewayne,6
OK,M,1989,Dominic,6
OK,M,1989,Don,6
OK,M,1989,Eugene,6
OK,M,1989,Garett,6
OK,M,1989,Israel,6
OK,M,1989,Javier,6
OK,M,1989,Jered,6
OK,M,1989,Jermaine,6
OK,M,1989,Jerrad,6
OK,M,1989,Jessy,6
OK,M,1989,Keaton,6
OK,M,1989,Kelsey,6
OK,M,1989,Kennith,6
OK,M,1989,Kiefer,6
OK,M,1989,Kory,6
OK,M,1989,Lane,6
OK,M,1989,Leon,6
OK,M,1989,Leonard,6
OK,M,1989,Loren,6
OK,M,1989,Manuel,6
OK,M,1989,Marco,6
OK,M,1989,Mike,6
OK,M,1989,Nick,6
OK,M,1989,Nolan,6
OK,M,1989,Peyton,6
OK,M,1989,Robby,6
OK,M,1989,Roman,6
OK,M,1989,Santiago,6
OK,M,1989,Sidney,6
OK,M,1989,Stanley,6
OK,M,1989,Stewart,6
OK,M,1989,Tyrone,6
OK,M,1989,Uriah,6
OK,M,1989,Zane,6
OK,M,1989,Abraham,5
OK,M,1989,Alberto,5
OK,M,1989,Amos,5
OK,M,1989,Blane,5
OK,M,1989,Brandt,5
OK,M,1989,Cade,5
OK,M,1989,Conner,5
OK,M,1989,Coy,5
OK,M,1989,Damien,5
OK,M,1989,Darrin,5
OK,M,1989,Daryl,5
OK,M,1989,Deangelo,5
OK,M,1989,Denton,5
OK,M,1989,Denver,5
OK,M,1989,Deric,5
OK,M,1989,Desmond,5
OK,M,1989,Duncan,5
OK,M,1989,Dustan,5
OK,M,1989,Eli,5
OK,M,1989,Felipe,5
OK,M,1989,Fred,5
OK,M,1989,Greg,5
OK,M,1989,Harry,5
OK,M,1989,Hector,5
OK,M,1989,Jasper,5
OK,M,1989,Jody,5
OK,M,1989,Jonah,5
OK,M,1989,Jorge,5
OK,M,1989,Kale,5
OK,M,1989,Kameron,5
OK,M,1989,Kasey,5
OK,M,1989,Keegan,5
OK,M,1989,Leroy,5
OK,M,1989,Lloyd,5
OK,M,1989,Myron,5
OK,M,1989,Pedro,5
OK,M,1989,Ricardo,5
OK,M,1989,Sammy,5
OK,M,1989,Sheldon,5
OK,M,1989,Shelton,5
OK,M,1989,Simon,5
OK,M,1989,Stacy,5
OK,M,1989,Stoney,5
OK,M,1989,Ted,5
OK,M,1989,Teddy,5
OK,M,1989,Terence,5
OK,M,1989,Trevin,5
OK,M,1989,Waylon,5
OK,M,1990,Joshua,599
OK,M,1990,Christopher,581
OK,M,1990,Michael,575
OK,M,1990,Matthew,521
OK,M,1990,Justin,415
OK,M,1990,Tyler,414
OK,M,1990,Cody,389
OK,M,1990,Ryan,354
OK,M,1990,James,346
OK,M,1990,Robert,321
OK,M,1990,Jacob,319
OK,M,1990,David,314
OK,M,1990,John,306
OK,M,1990,Brandon,295
OK,M,1990,Kyle,294
OK,M,1990,Andrew,282
OK,M,1990,Zachary,271
OK,M,1990,William,259
OK,M,1990,Jordan,239
OK,M,1990,Daniel,237
OK,M,1990,Steven,212
OK,M,1990,Jonathan,209
OK,M,1990,Nicholas,209
OK,M,1990,Joseph,206
OK,M,1990,Aaron,187
OK,M,1990,Austin,187
OK,M,1990,Jeremy,182
OK,M,1990,Anthony,179
OK,M,1990,Thomas,174
OK,M,1990,Dustin,170
OK,M,1990,Eric,170
OK,M,1990,Kevin,164
OK,M,1990,Charles,160
OK,M,1990,Nathan,156
OK,M,1990,Timothy,150
OK,M,1990,Ethan,145
OK,M,1990,Stephen,142
OK,M,1990,Derek,139
OK,M,1990,Blake,137
OK,M,1990,Jesse,135
OK,M,1990,Taylor,135
OK,M,1990,Travis,134
OK,M,1990,Brian,133
OK,M,1990,Adam,132
OK,M,1990,Caleb,120
OK,M,1990,Cameron,118
OK,M,1990,Benjamin,115
OK,M,1990,Richard,113
OK,M,1990,Jared,107
OK,M,1990,Jason,105
OK,M,1990,Samuel,102
OK,M,1990,Patrick,100
OK,M,1990,Sean,98
OK,M,1990,Shane,98
OK,M,1990,Jeffrey,97
OK,M,1990,Bradley,94
OK,M,1990,Corey,92
OK,M,1990,Kenneth,92
OK,M,1990,Mark,90
OK,M,1990,Alexander,88
OK,M,1990,Chad,87
OK,M,1990,Colton,87
OK,M,1990,Garrett,86
OK,M,1990,Shawn,84
OK,M,1990,Cory,81
OK,M,1990,Dylan,80
OK,M,1990,Scott,80
OK,M,1990,Gregory,79
OK,M,1990,Chase,78
OK,M,1990,Dalton,78
OK,M,1990,Trevor,77
OK,M,1990,Casey,75
OK,M,1990,Bryan,74
OK,M,1990,Dakota,70
OK,M,1990,Logan,68
OK,M,1990,Dillon,66
OK,M,1990,Seth,64
OK,M,1990,Paul,60
OK,M,1990,Christian,59
OK,M,1990,Marcus,59
OK,M,1990,Levi,58
OK,M,1990,Phillip,58
OK,M,1990,Brett,57
OK,M,1990,Devin,57
OK,M,1990,Billy,56
OK,M,1990,Wesley,54
OK,M,1990,Clayton,52
OK,M,1990,Alex,51
OK,M,1990,Bobby,51
OK,M,1990,Bryce,51
OK,M,1990,Donald,49
OK,M,1990,Clinton,48
OK,M,1990,Derrick,48
OK,M,1990,Jimmy,48
OK,M,1990,Tanner,48
OK,M,1990,Chance,47
OK,M,1990,Jonathon,47
OK,M,1990,Gary,46
OK,M,1990,Jerry,46
OK,M,1990,Mitchell,46
OK,M,1990,Brent,45
OK,M,1990,Evan,45
OK,M,1990,Jeffery,41
OK,M,1990,Nathaniel,41
OK,M,1990,Jeremiah,40
OK,M,1990,Keith,40
OK,M,1990,Edward,39
OK,M,1990,Grant,39
OK,M,1990,Ronald,39
OK,M,1990,Luke,38
OK,M,1990,Preston,38
OK,M,1990,Ian,37
OK,M,1990,Johnathan,37
OK,M,1990,Kaleb,37
OK,M,1990,Ricky,37
OK,M,1990,Rodney,37
OK,M,1990,Curtis,36
OK,M,1990,Jake,36
OK,M,1990,Larry,36
OK,M,1990,Jose,35
OK,M,1990,Raymond,35
OK,M,1990,Lance,34
OK,M,1990,Lucas,34
OK,M,1990,Micah,34
OK,M,1990,Kody,33
OK,M,1990,Randy,33
OK,M,1990,Spencer,33
OK,M,1990,Antonio,32
OK,M,1990,Micheal,32
OK,M,1990,Colby,31
OK,M,1990,Mason,30
OK,M,1990,Randall,30
OK,M,1990,Danny,29
OK,M,1990,Douglas,29
OK,M,1990,Joel,29
OK,M,1990,Trey,29
OK,M,1990,Craig,28
OK,M,1990,Jarrod,28
OK,M,1990,Mathew,28
OK,M,1990,Terry,28
OK,M,1990,Tony,28
OK,M,1990,Braden,27
OK,M,1990,Clint,27
OK,M,1990,Tommy,27
OK,M,1990,Allen,26
OK,M,1990,Johnny,26
OK,M,1990,Skyler,26
OK,M,1990,Carl,25
OK,M,1990,Jessie,25
OK,M,1990,Shelby,25
OK,M,1990,Todd,25
OK,M,1990,Trenton,25
OK,M,1990,Adrian,24
OK,M,1990,Hunter,24
OK,M,1990,Brady,23
OK,M,1990,George,23
OK,M,1990,Jack,23
OK,M,1990,Kristopher,23
OK,M,1990,Landon,23
OK,M,1990,Martin,23
OK,M,1990,Brock,22
OK,M,1990,Calvin,22
OK,M,1990,Cole,22
OK,M,1990,Philip,22
OK,M,1990,Russell,22
OK,M,1990,Trent,22
OK,M,1990,Vincent,22
OK,M,1990,Darrell,21
OK,M,1990,Dominique,21
OK,M,1990,Joe,21
OK,M,1990,Kendall,21
OK,M,1990,Marshall,21
OK,M,1990,Roy,21
OK,M,1990,Zachery,21
OK,M,1990,Zackary,21
OK,M,1990,Riley,20
OK,M,1990,Walter,20
OK,M,1990,Erik,19
OK,M,1990,Jamie,19
OK,M,1990,Jay,19
OK,M,1990,Jon,19
OK,M,1990,Juan,19
OK,M,1990,Kasey,19
OK,M,1990,Roger,19
OK,M,1990,Weston,19
OK,M,1990,Alan,18
OK,M,1990,Blaine,18
OK,M,1990,Byron,18
OK,M,1990,Darren,18
OK,M,1990,Gabriel,18
OK,M,1990,Albert,17
OK,M,1990,Cale,17
OK,M,1990,Clay,17
OK,M,1990,Connor,17
OK,M,1990,Corbin,17
OK,M,1990,Dallas,17
OK,M,1990,Damon,17
OK,M,1990,Devon,17
OK,M,1990,Drew,17
OK,M,1990,Gage,17
OK,M,1990,Hayden,17
OK,M,1990,Jerrod,17
OK,M,1990,Lane,17
OK,M,1990,Ronnie,17
OK,M,1990,Ross,17
OK,M,1990,Toby,17
OK,M,1990,Victor,17
OK,M,1990,Carlos,16
OK,M,1990,Colin,16
OK,M,1990,Frank,16
OK,M,1990,Gavin,16
OK,M,1990,Heath,16
OK,M,1990,Isaac,16
OK,M,1990,Isaiah,16
OK,M,1990,Marvin,16
OK,M,1990,Rusty,16
OK,M,1990,Erick,15
OK,M,1990,Lawrence,15
OK,M,1990,Lee,15
OK,M,1990,Leonard,15
OK,M,1990,Luis,15
OK,M,1990,Morgan,15
OK,M,1990,Troy,15
OK,M,1990,Ty,15
OK,M,1990,Zackery,15
OK,M,1990,Bruce,14
OK,M,1990,Colten,14
OK,M,1990,Dennis,14
OK,M,1990,Geoffrey,14
OK,M,1990,Gerald,14
OK,M,1990,Jarred,14
OK,M,1990,Keenan,14
OK,M,1990,Kelly,14
OK,M,1990,Parker,14
OK,M,1990,Arthur,13
OK,M,1990,Ashton,13
OK,M,1990,Bret,13
OK,M,1990,Bryant,13
OK,M,1990,Clifford,13
OK,M,1990,Collin,13
OK,M,1990,Donovan,13
OK,M,1990,Elijah,13
OK,M,1990,Miguel,13
OK,M,1990,Peter,13
OK,M,1990,Quinton,13
OK,M,1990,Sheldon,13
OK,M,1990,Terrance,13
OK,M,1990,Andre,12
OK,M,1990,Brendan,12
OK,M,1990,Carson,12
OK,M,1990,Clifton,12
OK,M,1990,Derick,12
OK,M,1990,Frederick,12
OK,M,1990,Jackson,12
OK,M,1990,Kory,12
OK,M,1990,Leslie,12
OK,M,1990,Miles,12
OK,M,1990,Nicolas,12
OK,M,1990,Wade,12
OK,M,1990,Willie,12
OK,M,1990,Bo,11
OK,M,1990,Dusty,11
OK,M,1990,Franklin,11
OK,M,1990,Houston,11
OK,M,1990,Jerod,11
OK,M,1990,Jimmie,11
OK,M,1990,Johnathon,11
OK,M,1990,Lloyd,11
OK,M,1990,Neil,11
OK,M,1990,Scotty,11
OK,M,1990,Skylar,11
OK,M,1990,Stuart,11
OK,M,1990,Terrence,11
OK,M,1990,Warren,11
OK,M,1990,Zane,11
OK,M,1990,Alec,10
OK,M,1990,Dane,10
OK,M,1990,Eddie,10
OK,M,1990,Harley,10
OK,M,1990,Henry,10
OK,M,1990,Jordon,10
OK,M,1990,Josiah,10
OK,M,1990,Kameron,10
OK,M,1990,Kurtis,10
OK,M,1990,Kyler,10
OK,M,1990,Nolan,10
OK,M,1990,Quincy,10
OK,M,1990,Ricardo,10
OK,M,1990,Rickey,10
OK,M,1990,Tracy,10
OK,M,1990,Tylor,10
OK,M,1990,Wayne,10
OK,M,1990,Xavier,10
OK,M,1990,Barrett,9
OK,M,1990,Barry,9
OK,M,1990,Brendon,9
OK,M,1990,Cedric,9
OK,M,1990,Conner,9
OK,M,1990,Dante,9
OK,M,1990,Desmond,9
OK,M,1990,Ernest,9
OK,M,1990,Glen,9
OK,M,1990,Jaron,9
OK,M,1990,Keegan,9
OK,M,1990,Manuel,9
OK,M,1990,Marc,9
OK,M,1990,Nickolas,9
OK,M,1990,Noah,9
OK,M,1990,Shaun,9
OK,M,1990,Tristan,9
OK,M,1990,Tyson,9
OK,M,1990,Abraham,8
OK,M,1990,Aubrey,8
OK,M,1990,Beau,8
OK,M,1990,Bradly,8
OK,M,1990,Bryson,8
OK,M,1990,Clark,8
OK,M,1990,Coy,8
OK,M,1990,Dale,8
OK,M,1990,Darius,8
OK,M,1990,Drake,8
OK,M,1990,Edwin,8
OK,M,1990,Eli,8
OK,M,1990,Elliott,8
OK,M,1990,Forrest,8
OK,M,1990,Hector,8
OK,M,1990,Ivan,8
OK,M,1990,Jarod,8
OK,M,1990,Jarrett,8
OK,M,1990,Jerome,8
OK,M,1990,Joey,8
OK,M,1990,Julian,8
OK,M,1990,Kent,8
OK,M,1990,Kristofer,8
OK,M,1990,Mario,8
OK,M,1990,Maurice,8
OK,M,1990,Omar,8
OK,M,1990,Ray,8
OK,M,1990,Reginald,8
OK,M,1990,Rodrick,8
OK,M,1990,Sammy,8
OK,M,1990,Sergio,8
OK,M,1990,Sonny,8
OK,M,1990,Stanley,8
OK,M,1990,Tevin,8
OK,M,1990,Zachariah,8
OK,M,1990,Angelo,7
OK,M,1990,Armando,7
OK,M,1990,Brennan,7
OK,M,1990,Cecil,7
OK,M,1990,Coty,7
OK,M,1990,Damien,7
OK,M,1990,Darin,7
OK,M,1990,Dayton,7
OK,M,1990,Dean,7
OK,M,1990,Deandre,7
OK,M,1990,Deangelo,7
OK,M,1990,Dominic,7
OK,M,1990,Elias,7
OK,M,1990,Everett,7
OK,M,1990,Francisco,7
OK,M,1990,Glenn,7
OK,M,1990,Gordon,7
OK,M,1990,Harold,7
OK,M,1990,Harrison,7
OK,M,1990,Isiah,7
OK,M,1990,Jackie,7
OK,M,1990,Jamal,7
OK,M,1990,Jermey,7
OK,M,1990,Keaton,7
OK,M,1990,Kelby,7
OK,M,1990,Kerry,7
OK,M,1990,Koby,7
OK,M,1990,Kolby,7
OK,M,1990,Kurt,7
OK,M,1990,Lewis,7
OK,M,1990,Lonnie,7
OK,M,1990,Marquis,7
OK,M,1990,Melvin,7
OK,M,1990,Rafael,7
OK,M,1990,Sterling,7
OK,M,1990,Steve,7
OK,M,1990,Trever,7
OK,M,1990,Tucker,7
OK,M,1990,Wyatt,7
OK,M,1990,Ben,6
OK,M,1990,Brice,6
OK,M,1990,Carlton,6
OK,M,1990,Chandler,6
OK,M,1990,Chaz,6
OK,M,1990,Chester,6
OK,M,1990,Daryl,6
OK,M,1990,Denzel,6
OK,M,1990,Deonte,6
OK,M,1990,Floyd,6
OK,M,1990,Holden,6
OK,M,1990,Howard,6
OK,M,1990,Jermaine,6
OK,M,1990,Jessy,6
OK,M,1990,Julius,6
OK,M,1990,Kale,6
OK,M,1990,Karl,6
OK,M,1990,Kendal,6
OK,M,1990,Kendrick,6
OK,M,1990,Kirby,6
OK,M,1990,Korey,6
OK,M,1990,Ky,6
OK,M,1990,Leland,6
OK,M,1990,Leroy,6
OK,M,1990,Marco,6
OK,M,1990,Marquise,6
OK,M,1990,Maxwell,6
OK,M,1990,Mitchel,6
OK,M,1990,Monte,6
OK,M,1990,Randal,6
OK,M,1990,Rocky,6
OK,M,1990,Roman,6
OK,M,1990,Royce,6
OK,M,1990,Theodore,6
OK,M,1990,Timmy,6
OK,M,1990,Zechariah,6
OK,M,1990,Ashley,5
OK,M,1990,Branden,5
OK,M,1990,Brant,5
OK,M,1990,Brayden,5
OK,M,1990,Camron,5
OK,M,1990,Cash,5
OK,M,1990,Cassidy,5
OK,M,1990,Coby,5
OK,M,1990,Codey,5
OK,M,1990,Colt,5
OK,M,1990,Damian,5
OK,M,1990,Dana,5
OK,M,1990,Darryl,5
OK,M,1990,Dejuan,5
OK,M,1990,Demario,5
OK,M,1990,Dereck,5
OK,M,1990,Dexter,5
OK,M,1990,Dillion,5
OK,M,1990,Don,5
OK,M,1990,Dwight,5
OK,M,1990,Earl,5
OK,M,1990,Eldon,5
OK,M,1990,Eugene,5
OK,M,1990,Ezekiel,5
OK,M,1990,Frankie,5
OK,M,1990,Garrick,5
OK,M,1990,Gene,5
OK,M,1990,Grayson,5
OK,M,1990,Israel,5
OK,M,1990,Jaime,5
OK,M,1990,Jayson,5
OK,M,1990,Jered,5
OK,M,1990,Jerred,5
OK,M,1990,Jess,5
OK,M,1990,Jesus,5
OK,M,1990,Julio,5
OK,M,1990,Kalen,5
OK,M,1990,Kelvin,5
OK,M,1990,Kiefer,5
OK,M,1990,Kirk,5
OK,M,1990,Louis,5
OK,M,1990,Marty,5
OK,M,1990,Max,5
OK,M,1990,Myron,5
OK,M,1990,Paden,5
OK,M,1990,Perry,5
OK,M,1990,Randell,5
OK,M,1990,Reuben,5
OK,M,1990,Ricco,5
OK,M,1990,Robbie,5
OK,M,1990,Robby,5
OK,M,1990,Robin,5
OK,M,1990,Roderick,5
OK,M,1990,Rowdy,5
OK,M,1990,Ruben,5
OK,M,1990,Sebastian,5
OK,M,1990,Shae,5
OK,M,1990,Shannon,5
OK,M,1990,Sidney,5
OK,M,1990,Solomon,5
OK,M,1990,Talon,5
OK,M,1990,Tyrell,5
OK,M,1990,Wendell,5
OK,M,1990,Wilson,5
OK,M,1991,Joshua,576
OK,M,1991,Michael,551
OK,M,1991,Christopher,489
OK,M,1991,Tyler,473
OK,M,1991,Matthew,430
OK,M,1991,Jacob,413
OK,M,1991,Cody,408
OK,M,1991,James,370
OK,M,1991,Justin,366
OK,M,1991,Zachary,325
OK,M,1991,Brandon,300
OK,M,1991,John,299
OK,M,1991,Robert,294
OK,M,1991,David,292
OK,M,1991,Ryan,286
OK,M,1991,Andrew,283
OK,M,1991,Kyle,268
OK,M,1991,Joseph,264
OK,M,1991,William,261
OK,M,1991,Daniel,254
OK,M,1991,Austin,220
OK,M,1991,Nicholas,217
OK,M,1991,Aaron,212
OK,M,1991,Jordan,210
OK,M,1991,Jonathan,209
OK,M,1991,Steven,186
OK,M,1991,Anthony,180
OK,M,1991,Dakota,168
OK,M,1991,Caleb,165
OK,M,1991,Taylor,160
OK,M,1991,Dustin,159
OK,M,1991,Timothy,156
OK,M,1991,Dylan,154
OK,M,1991,Kevin,152
OK,M,1991,Blake,148
OK,M,1991,Eric,147
OK,M,1991,Nathan,145
OK,M,1991,Travis,143
OK,M,1991,Thomas,142
OK,M,1991,Dillon,139
OK,M,1991,Jeremy,133
OK,M,1991,Charles,130
OK,M,1991,Ethan,126
OK,M,1991,Richard,125
OK,M,1991,Jesse,120
OK,M,1991,Benjamin,119
OK,M,1991,Alexander,118
OK,M,1991,Brian,117
OK,M,1991,Stephen,117
OK,M,1991,Christian,114
OK,M,1991,Patrick,112
OK,M,1991,Samuel,112
OK,M,1991,Cameron,106
OK,M,1991,Garrett,97
OK,M,1991,Mark,96
OK,M,1991,Bradley,94
OK,M,1991,Dalton,93
OK,M,1991,Derek,93
OK,M,1991,Logan,90
OK,M,1991,Jeffrey,89
OK,M,1991,Tanner,89
OK,M,1991,Trevor,86
OK,M,1991,Chase,85
OK,M,1991,Bryan,83
OK,M,1991,Adam,82
OK,M,1991,Colton,82
OK,M,1991,Jason,81
OK,M,1991,Kenneth,81
OK,M,1991,Corey,80
OK,M,1991,Sean,80
OK,M,1991,Jared,78
OK,M,1991,Seth,74
OK,M,1991,Casey,73
OK,M,1991,Gregory,68
OK,M,1991,Shane,68
OK,M,1991,Devin,65
OK,M,1991,Chad,64
OK,M,1991,Billy,61
OK,M,1991,Colby,61
OK,M,1991,Brett,60
OK,M,1991,Cory,60
OK,M,1991,Wesley,60
OK,M,1991,Phillip,59
OK,M,1991,Paul,58
OK,M,1991,Shawn,58
OK,M,1991,Evan,57
OK,M,1991,Alex,56
OK,M,1991,Mitchell,56
OK,M,1991,Scott,56
OK,M,1991,Marcus,54
OK,M,1991,Curtis,53
OK,M,1991,Cole,52
OK,M,1991,Mason,52
OK,M,1991,Clinton,50
OK,M,1991,Jake,49
OK,M,1991,Brent,47
OK,M,1991,Chance,47
OK,M,1991,Spencer,47
OK,M,1991,Bobby,44
OK,M,1991,Jerry,44
OK,M,1991,Levi,44
OK,M,1991,Bryce,43
OK,M,1991,Jeffery,43
OK,M,1991,Nathaniel,43
OK,M,1991,Clayton,42
OK,M,1991,Gary,42
OK,M,1991,Jose,42
OK,M,1991,Donald,41
OK,M,1991,Kaleb,40
OK,M,1991,Micah,40
OK,M,1991,Derrick,39
OK,M,1991,Preston,39
OK,M,1991,Jeremiah,38
OK,M,1991,Lucas,38
OK,M,1991,Edward,37
OK,M,1991,Tony,37
OK,M,1991,Joel,36
OK,M,1991,Raymond,35
OK,M,1991,Terry,35
OK,M,1991,Johnathan,34
OK,M,1991,Micheal,34
OK,M,1991,Jack,33
OK,M,1991,Keith,33
OK,M,1991,Kendall,33
OK,M,1991,Luke,33
OK,M,1991,Trey,33
OK,M,1991,Grant,32
OK,M,1991,Ian,32
OK,M,1991,Jimmy,32
OK,M,1991,Jonathon,32
OK,M,1991,Johnny,31
OK,M,1991,Ronald,31
OK,M,1991,Hunter,30
OK,M,1991,Trenton,30
OK,M,1991,Victor,30
OK,M,1991,Connor,29
OK,M,1991,Douglas,29
OK,M,1991,Erik,29
OK,M,1991,Juan,29
OK,M,1991,Troy,29
OK,M,1991,Adrian,28
OK,M,1991,Allen,28
OK,M,1991,Isaac,28
OK,M,1991,Hayden,27
OK,M,1991,Philip,27
OK,M,1991,Russell,27
OK,M,1991,Zachariah,27
OK,M,1991,Craig,26
OK,M,1991,Devon,26
OK,M,1991,Larry,26
OK,M,1991,Vincent,26
OK,M,1991,Cale,25
OK,M,1991,George,25
OK,M,1991,Lance,25
OK,M,1991,Todd,25
OK,M,1991,Carl,24
OK,M,1991,Drew,24
OK,M,1991,Gabriel,24
OK,M,1991,Jon,24
OK,M,1991,Martin,24
OK,M,1991,Randy,24
OK,M,1991,Shelby,24
OK,M,1991,Tommy,24
OK,M,1991,Antonio,23
OK,M,1991,Kody,23
OK,M,1991,Kristopher,23
OK,M,1991,Landon,23
OK,M,1991,Randall,23
OK,M,1991,Trent,23
OK,M,1991,Braden,22
OK,M,1991,Carlos,22
OK,M,1991,Mathew,22
OK,M,1991,Ronnie,22
OK,M,1991,Zackary,22
OK,M,1991,Clint,21
OK,M,1991,Danny,21
OK,M,1991,Darrell,21
OK,M,1991,Lawrence,21
OK,M,1991,Marshall,21
OK,M,1991,Miguel,21
OK,M,1991,Morgan,21
OK,M,1991,Quinton,21
OK,M,1991,Ricky,21
OK,M,1991,Ross,21
OK,M,1991,Weston,21
OK,M,1991,Blaine,20
OK,M,1991,Darren,20
OK,M,1991,Dennis,20
OK,M,1991,Isaiah,20
OK,M,1991,Johnathon,20
OK,M,1991,Rodney,20
OK,M,1991,Skyler,20
OK,M,1991,Calvin,19
OK,M,1991,Collin,19
OK,M,1991,Damon,19
OK,M,1991,Jay,19
OK,M,1991,Parker,19
OK,M,1991,Peter,19
OK,M,1991,Alan,18
OK,M,1991,Henry,18
OK,M,1991,Jessie,18
OK,M,1991,Julian,18
OK,M,1991,Sheldon,18
OK,M,1991,Zachery,18
OK,M,1991,Conner,17
OK,M,1991,Darius,17
OK,M,1991,Lee,17
OK,M,1991,Riley,17
OK,M,1991,Roger,17
OK,M,1991,Willie,17
OK,M,1991,Zane,17
OK,M,1991,Corbin,16
OK,M,1991,Dominique,16
OK,M,1991,Geoffrey,16
OK,M,1991,Jackson,16
OK,M,1991,Joe,16
OK,M,1991,Ty,16
OK,M,1991,Brock,15
OK,M,1991,Colin,15
OK,M,1991,Donovan,15
OK,M,1991,Eli,15
OK,M,1991,Skylar,15
OK,M,1991,Terrance,15
OK,M,1991,Tevin,15
OK,M,1991,Beau,14
OK,M,1991,Dusty,14
OK,M,1991,Frank,14
OK,M,1991,Harrison,14
OK,M,1991,Jarred,14
OK,M,1991,Jarrod,14
OK,M,1991,Kasey,14
OK,M,1991,Kelly,14
OK,M,1991,Marvin,14
OK,M,1991,Nickolas,14
OK,M,1991,Noah,14
OK,M,1991,Walter,14
OK,M,1991,Damien,13
OK,M,1991,Elijah,13
OK,M,1991,Gage,13
OK,M,1991,Gerald,13
OK,M,1991,Jerrod,13
OK,M,1991,Jesus,13
OK,M,1991,Arthur,12
OK,M,1991,Brenton,12
OK,M,1991,Carson,12
OK,M,1991,Colten,12
OK,M,1991,Jordon,12
OK,M,1991,Kameron,12
OK,M,1991,Kyler,12
OK,M,1991,Mario,12
OK,M,1991,Nicolas,12
OK,M,1991,Nolan,12
OK,M,1991,Ray,12
OK,M,1991,Roy,12
OK,M,1991,Warren,12
OK,M,1991,Alec,11
OK,M,1991,Ashton,11
OK,M,1991,Brennan,11
OK,M,1991,Byron,11
OK,M,1991,Clay,11
OK,M,1991,Clifford,11
OK,M,1991,Colt,11
OK,M,1991,Dallas,11
OK,M,1991,Deandre,11
OK,M,1991,Erick,11
OK,M,1991,Heath,11
OK,M,1991,Houston,11
OK,M,1991,Joey,11
OK,M,1991,Josiah,11
OK,M,1991,Miles,11
OK,M,1991,Tristan,11
OK,M,1991,Wade,11
OK,M,1991,Branden,10
OK,M,1991,Brendon,10
OK,M,1991,Chandler,10
OK,M,1991,Clifton,10
OK,M,1991,Coty,10
OK,M,1991,Daryl,10
OK,M,1991,Deangelo,10
OK,M,1991,Demarco,10
OK,M,1991,Dwayne,10
OK,M,1991,Kale,10
OK,M,1991,Kerry,10
OK,M,1991,Lane,10
OK,M,1991,Max,10
OK,M,1991,Maxwell,10
OK,M,1991,Rusty,10
OK,M,1991,Shannon,10
OK,M,1991,Theodore,10
OK,M,1991,Tucker,10
OK,M,1991,Andre,9
OK,M,1991,Brody,9
OK,M,1991,Dillion,9
OK,M,1991,Everett,9
OK,M,1991,Forrest,9
OK,M,1991,Francisco,9
OK,M,1991,Gavin,9
OK,M,1991,Jaron,9
OK,M,1991,Julius,9
OK,M,1991,Karl,9
OK,M,1991,Kendrick,9
OK,M,1991,Louis,9
OK,M,1991,Marco,9
OK,M,1991,Mitchel,9
OK,M,1991,Roberto,9
OK,M,1991,Shaun,9
OK,M,1991,Sterling,9
OK,M,1991,Stuart,9
OK,M,1991,Trever,9
OK,M,1991,Wayne,9
OK,M,1991,Allan,8
OK,M,1991,Angel,8
OK,M,1991,Brad,8
OK,M,1991,Brady,8
OK,M,1991,Braxton,8
OK,M,1991,Brendan,8
OK,M,1991,Bruce,8
OK,M,1991,Carter,8
OK,M,1991,Chris,8
OK,M,1991,Clark,8
OK,M,1991,Cooper,8
OK,M,1991,Dale,8
OK,M,1991,Dexter,8
OK,M,1991,Ernest,8
OK,M,1991,Frederick,8
OK,M,1991,Guy,8
OK,M,1991,Harold,8
OK,M,1991,Israel,8
OK,M,1991,Jackie,8
OK,M,1991,Jakob,8
OK,M,1991,Jamie,8
OK,M,1991,Kelby,8
OK,M,1991,Kirk,8
OK,M,1991,Korey,8
OK,M,1991,Leonard,8
OK,M,1991,Malcolm,8
OK,M,1991,Marc,8
OK,M,1991,Maurice,8
OK,M,1991,Nathanael,8
OK,M,1991,Nick,8
OK,M,1991,Oscar,8
OK,M,1991,Rickey,8
OK,M,1991,Sebastian,8
OK,M,1991,Stormy,8
OK,M,1991,Terrell,8
OK,M,1991,Terrence,8
OK,M,1991,Tylor,8
OK,M,1991,Tyson,8
OK,M,1991,Xavier,8
OK,M,1991,Zackery,8
OK,M,1991,Albert,7
OK,M,1991,Arron,7
OK,M,1991,Austen,7
OK,M,1991,Bo,7
OK,M,1991,Cord,7
OK,M,1991,Darrel,7
OK,M,1991,Devan,7
OK,M,1991,Dewayne,7
OK,M,1991,Dominic,7
OK,M,1991,Don,7
OK,M,1991,Eddie,7
OK,M,1991,Franklin,7
OK,M,1991,Garret,7
OK,M,1991,Glenn,7
OK,M,1991,Harry,7
OK,M,1991,Howard,7
OK,M,1991,Jarod,7
OK,M,1991,Jarrett,7
OK,M,1991,Javier,7
OK,M,1991,Jess,7
OK,M,1991,Keenan,7
OK,M,1991,Kenny,7
OK,M,1991,Kurtis,7
OK,M,1991,Lewis,7
OK,M,1991,Lloyd,7
OK,M,1991,Lonnie,7
OK,M,1991,Manuel,7
OK,M,1991,Marcos,7
OK,M,1991,Melvin,7
OK,M,1991,Mike,7
OK,M,1991,Pedro,7
OK,M,1991,Quintin,7
OK,M,1991,Roman,7
OK,M,1991,Ruben,7
OK,M,1991,Sergio,7
OK,M,1991,Simon,7
OK,M,1991,Stanley,7
OK,M,1991,Winston,7
OK,M,1991,Andres,6
OK,M,1991,Avery,6
OK,M,1991,Blain,6
OK,M,1991,Brenden,6
OK,M,1991,Britton,6
OK,M,1991,Cade,6
OK,M,1991,Chaz,6
OK,M,1991,Cheyenne,6
OK,M,1991,Coby,6
OK,M,1991,Darrin,6
OK,M,1991,Darryl,6
OK,M,1991,Deric,6
OK,M,1991,Donte,6
OK,M,1991,Dwight,6
OK,M,1991,Earl,6
OK,M,1991,Emilio,6
OK,M,1991,Enrique,6
OK,M,1991,Glen,6
OK,M,1991,Jace,6
OK,M,1991,Jameson,6
OK,M,1991,Jamison,6
OK,M,1991,Jerome,6
OK,M,1991,Jimmie,6
OK,M,1991,Jody,6
OK,M,1991,Kolton,6
OK,M,1991,Luis,6
OK,M,1991,Marquis,6
OK,M,1991,Mikel,6
OK,M,1991,Orlando,6
OK,M,1991,Owen,6
OK,M,1991,Quentin,6
OK,M,1991,Rafael,6
OK,M,1991,Reed,6
OK,M,1991,Rico,6
OK,M,1991,Roderick,6
OK,M,1991,Stefan,6
OK,M,1991,Stoney,6
OK,M,1991,Tracy,6
OK,M,1991,Tyree,6
OK,M,1991,Vernon,6
OK,M,1991,Zechariah,6
OK,M,1991,Abraham,5
OK,M,1991,Alexis,5
OK,M,1991,Alfred,5
OK,M,1991,Aron,5
OK,M,1991,Auston,5
OK,M,1991,Bailey,5
OK,M,1991,Barry,5
OK,M,1991,Ben,5
OK,M,1991,Blaze,5
OK,M,1991,Bret,5
OK,M,1991,Brice,5
OK,M,1991,Bryson,5
OK,M,1991,Carlton,5
OK,M,1991,Cash,5
OK,M,1991,Coleman,5
OK,M,1991,Damian,5
OK,M,1991,Damion,5
OK,M,1991,Dante,5
OK,M,1991,Darin,5
OK,M,1991,Davin,5
OK,M,1991,Davis,5
OK,M,1991,Derick,5
OK,M,1991,Derrek,5
OK,M,1991,Devante,5
OK,M,1991,Dillan,5
OK,M,1991,Duncan,5
OK,M,1991,Edmond,5
OK,M,1991,Edwin,5
OK,M,1991,Elliot,5
OK,M,1991,Emmanuel,5
OK,M,1991,Fernando,5
OK,M,1991,Fredrick,5
OK,M,1991,Garth,5
OK,M,1991,Gerardo,5
OK,M,1991,Gordon,5
OK,M,1991,Graham,5
OK,M,1991,Grayson,5
OK,M,1991,Holden,5
OK,M,1991,Jade,5
OK,M,1991,Jaime,5
OK,M,1991,Jerred,5
OK,M,1991,Jim,5
OK,M,1991,Johnnie,5
OK,M,1991,Jorge,5
OK,M,1991,Kc,5
OK,M,1991,Keagan,5
OK,M,1991,Keaton,5
OK,M,1991,Keifer,5
OK,M,1991,Kelsey,5
OK,M,1991,Kendal,5
OK,M,1991,Koby,5
OK,M,1991,Kristofer,5
OK,M,1991,Leon,5
OK,M,1991,Leslie,5
OK,M,1991,Loren,5
OK,M,1991,Markus,5
OK,M,1991,Marquise,5
OK,M,1991,Myles,5
OK,M,1991,Norman,5
OK,M,1991,Payton,5
OK,M,1991,Perry,5
OK,M,1991,Quinn,5
OK,M,1991,Reece,5
OK,M,1991,Rocky,5
OK,M,1991,Rowdy,5
OK,M,1991,Steffan,5
OK,M,1991,Stephan,5
OK,M,1991,Stetson,5
OK,M,1991,Toby,5
OK,M,1991,Wyatt,5
OK,M,1992,Michael,513
OK,M,1992,Joshua,493
OK,M,1992,Tyler,484
OK,M,1992,Christopher,452
OK,M,1992,Cody,397
OK,M,1992,Jacob,390
OK,M,1992,Matthew,385
OK,M,1992,Brandon,371
OK,M,1992,James,345
OK,M,1992,Justin,320
OK,M,1992,Ryan,306
OK,M,1992,Dylan,303
OK,M,1992,Zachary,296
OK,M,1992,William,294
OK,M,1992,Kyle,286
OK,M,1992,John,251
OK,M,1992,David,249
OK,M,1992,Andrew,244
OK,M,1992,Robert,240
OK,M,1992,Joseph,239
OK,M,1992,Austin,222
OK,M,1992,Aaron,219
OK,M,1992,Jonathan,219
OK,M,1992,Daniel,204
OK,M,1992,Nicholas,194
OK,M,1992,Dillon,172
OK,M,1992,Anthony,169
OK,M,1992,Jordan,166
OK,M,1992,Dakota,165
OK,M,1992,Taylor,147
OK,M,1992,Timothy,147
OK,M,1992,Dustin,141
OK,M,1992,Thomas,141
OK,M,1992,Steven,139
OK,M,1992,Caleb,138
OK,M,1992,Christian,136
OK,M,1992,Alexander,132
OK,M,1992,Eric,132
OK,M,1992,Tanner,132
OK,M,1992,Dalton,131
OK,M,1992,Benjamin,129
OK,M,1992,Blake,129
OK,M,1992,Jeremy,121
OK,M,1992,Samuel,120
OK,M,1992,Kevin,119
OK,M,1992,Charles,116
OK,M,1992,Jesse,115
OK,M,1992,Nathan,114
OK,M,1992,Trevor,107
OK,M,1992,Brian,106
OK,M,1992,Cameron,104
OK,M,1992,Sean,104
OK,M,1992,Garrett,103
OK,M,1992,Stephen,98
OK,M,1992,Travis,97
OK,M,1992,Ethan,94
OK,M,1992,Richard,94
OK,M,1992,Derek,91
OK,M,1992,Logan,89
OK,M,1992,Jared,88
OK,M,1992,Jeffrey,86
OK,M,1992,Bradley,85
OK,M,1992,Colton,85
OK,M,1992,Kenneth,84
OK,M,1992,Devin,81
OK,M,1992,Patrick,81
OK,M,1992,Shawn,81
OK,M,1992,Adam,78
OK,M,1992,Jason,76
OK,M,1992,Chad,73
OK,M,1992,Chase,72
OK,M,1992,Shane,72
OK,M,1992,Seth,70
OK,M,1992,Alex,69
OK,M,1992,Corey,68
OK,M,1992,Mitchell,67
OK,M,1992,Mark,66
OK,M,1992,Hunter,65
OK,M,1992,Casey,64
OK,M,1992,Evan,63
OK,M,1992,Cory,62
OK,M,1992,Spencer,61
OK,M,1992,Bryce,59
OK,M,1992,Levi,59
OK,M,1992,Bryan,58
OK,M,1992,Brett,56
OK,M,1992,Paul,55
OK,M,1992,Cole,54
OK,M,1992,Nathaniel,53
OK,M,1992,Scott,52
OK,M,1992,Wesley,52
OK,M,1992,Marcus,51
OK,M,1992,Connor,50
OK,M,1992,Mason,50
OK,M,1992,Bobby,49
OK,M,1992,Chance,49
OK,M,1992,Donald,48
OK,M,1992,Derrick,46
OK,M,1992,Gary,46
OK,M,1992,Preston,46
OK,M,1992,Skyler,45
OK,M,1992,Gregory,44
OK,M,1992,Lucas,44
OK,M,1992,Billy,42
OK,M,1992,Clayton,42
OK,M,1992,Jeffery,42
OK,M,1992,Colby,41
OK,M,1992,Jose,41
OK,M,1992,Johnathan,40
OK,M,1992,Phillip,40
OK,M,1992,Keith,39
OK,M,1992,Lance,38
OK,M,1992,Grant,37
OK,M,1992,Antonio,36
OK,M,1992,Clinton,36
OK,M,1992,Luke,36
OK,M,1992,Kody,35
OK,M,1992,Landon,35
OK,M,1992,Brent,34
OK,M,1992,Jonathon,34
OK,M,1992,Larry,34
OK,M,1992,Micheal,34
OK,M,1992,Jeremiah,33
OK,M,1992,Ian,32
OK,M,1992,Jake,32
OK,M,1992,Jimmy,32
OK,M,1992,Trenton,32
OK,M,1992,Curtis,31
OK,M,1992,Devon,31
OK,M,1992,Juan,31
OK,M,1992,Raymond,31
OK,M,1992,Zachery,31
OK,M,1992,Dallas,30
OK,M,1992,Douglas,30
OK,M,1992,Edward,30
OK,M,1992,Jessie,30
OK,M,1992,Brady,29
OK,M,1992,Joel,29
OK,M,1992,Troy,29
OK,M,1992,Jerry,27
OK,M,1992,Kaleb,27
OK,M,1992,Randy,27
OK,M,1992,Trey,27
OK,M,1992,Clint,26
OK,M,1992,Craig,26
OK,M,1992,Hayden,26
OK,M,1992,Micah,26
OK,M,1992,Terry,26
OK,M,1992,Tevin,26
OK,M,1992,Vincent,26
OK,M,1992,Colin,25
OK,M,1992,Rodney,25
OK,M,1992,Tommy,25
OK,M,1992,Tony,25
OK,M,1992,Trent,25
OK,M,1992,Victor,25
OK,M,1992,Collin,24
OK,M,1992,Dominique,24
OK,M,1992,Kristopher,24
OK,M,1992,Randall,24
OK,M,1992,Allen,23
OK,M,1992,Gabriel,23
OK,M,1992,Johnny,23
OK,M,1992,Luis,23
OK,M,1992,Ronald,23
OK,M,1992,Braden,22
OK,M,1992,Kendall,22
OK,M,1992,Parker,22
OK,M,1992,Shelby,22
OK,M,1992,Damon,21
OK,M,1992,Dennis,21
OK,M,1992,Erik,21
OK,M,1992,Isaac,21
OK,M,1992,Jack,21
OK,M,1992,Jackson,21
OK,M,1992,Mathew,21
OK,M,1992,Miguel,21
OK,M,1992,Ronnie,21
OK,M,1992,Zane,21
OK,M,1992,Adrian,20
OK,M,1992,Devante,20
OK,M,1992,Forrest,20
OK,M,1992,Lane,20
OK,M,1992,Ricky,20
OK,M,1992,Weston,20
OK,M,1992,Carson,19
OK,M,1992,Conner,19
OK,M,1992,Danny,19
OK,M,1992,Darrell,19
OK,M,1992,Dillion,19
OK,M,1992,Calvin,18
OK,M,1992,Drew,18
OK,M,1992,Gage,18
OK,M,1992,Henry,18
OK,M,1992,Jay,18
OK,M,1992,Joe,18
OK,M,1992,Julian,18
OK,M,1992,Martin,18
OK,M,1992,Philip,18
OK,M,1992,Russell,18
OK,M,1992,Zackary,18
OK,M,1992,Alec,17
OK,M,1992,Brock,17
OK,M,1992,Cale,17
OK,M,1992,Carlos,17
OK,M,1992,Darren,17
OK,M,1992,Corbin,16
OK,M,1992,Elijah,16
OK,M,1992,Erick,16
OK,M,1992,Frank,16
OK,M,1992,Gavin,16
OK,M,1992,George,16
OK,M,1992,Kyler,16
OK,M,1992,Riley,16
OK,M,1992,Ross,16
OK,M,1992,Xavier,16
OK,M,1992,Alan,15
OK,M,1992,Ashton,15
OK,M,1992,Blaine,15
OK,M,1992,Brendan,15
OK,M,1992,Colten,15
OK,M,1992,Gerald,15
OK,M,1992,Harley,15
OK,M,1992,Jamie,15
OK,M,1992,Jarrod,15
OK,M,1992,Johnathon,15
OK,M,1992,Jon,15
OK,M,1992,Morgan,15
OK,M,1992,Peter,15
OK,M,1992,Quinton,15
OK,M,1992,Todd,15
OK,M,1992,Tre,15
OK,M,1992,Tylor,15
OK,M,1992,Zachariah,15
OK,M,1992,Andre,14
OK,M,1992,Branden,14
OK,M,1992,Carl,14
OK,M,1992,Devonte,14
OK,M,1992,Heath,14
OK,M,1992,Jesus,14
OK,M,1992,Kameron,14
OK,M,1992,Kolby,14
OK,M,1992,Leon,14
OK,M,1992,Marco,14
OK,M,1992,Marquis,14
OK,M,1992,Marshall,14
OK,M,1992,Nolan,14
OK,M,1992,Shaun,14
OK,M,1992,Sheldon,14
OK,M,1992,Ty,14
OK,M,1992,Wyatt,14
OK,M,1992,Albert,13
OK,M,1992,Darius,13
OK,M,1992,Derick,13
OK,M,1992,Francisco,13
OK,M,1992,Jace,13
OK,M,1992,Josiah,13
OK,M,1992,Kelly,13
OK,M,1992,Nickolas,13
OK,M,1992,Roger,13
OK,M,1992,Wade,13
OK,M,1992,Walter,13
OK,M,1992,Willie,13
OK,M,1992,Brayden,12
OK,M,1992,Bryant,12
OK,M,1992,Chandler,12
OK,M,1992,Jaime,12
OK,M,1992,Kelby,12
OK,M,1992,Lawrence,12
OK,M,1992,Lonnie,12
OK,M,1992,Louis,12
OK,M,1992,Ricardo,12
OK,M,1992,Rickey,12
OK,M,1992,Roy,12
OK,M,1992,Tucker,12
OK,M,1992,Zackery,12
OK,M,1992,Arthur,11
OK,M,1992,Cooper,11
OK,M,1992,Dakotah,11
OK,M,1992,Dillan,11
OK,M,1992,Donovan,11
OK,M,1992,Javier,11
OK,M,1992,Jerrod,11
OK,M,1992,Mario,11
OK,M,1992,Nathanael,11
OK,M,1992,Nicolas,11
OK,M,1992,Skylar,11
OK,M,1992,Stetson,11
OK,M,1992,Terrence,11
OK,M,1992,Toby,11
OK,M,1992,Bo,10
OK,M,1992,Carlton,10
OK,M,1992,Clifford,10
OK,M,1992,Colt,10
OK,M,1992,Coty,10
OK,M,1992,Deandre,10
OK,M,1992,Devan,10
OK,M,1992,Dominic,10
OK,M,1992,Isaiah,10
OK,M,1992,Ivan,10
OK,M,1992,Kasey,10
OK,M,1992,Kolton,10
OK,M,1992,Marc,10
OK,M,1992,Max,10
OK,M,1992,Noah,10
OK,M,1992,Oscar,10
OK,M,1992,Rocky,10
OK,M,1992,Sterling,10
OK,M,1992,Stuart,10
OK,M,1992,Angel,9
OK,M,1992,Braxton,9
OK,M,1992,Brendon,9
OK,M,1992,Brennan,9
OK,M,1992,Brody,9
OK,M,1992,Cade,9
OK,M,1992,Chris,9
OK,M,1992,Damian,9
OK,M,1992,Demarco,9
OK,M,1992,Desmond,9
OK,M,1992,Dominque,9
OK,M,1992,Edgar,9
OK,M,1992,Garret,9
OK,M,1992,Glenn,9
OK,M,1992,Harold,9
OK,M,1992,Hector,9
OK,M,1992,Jakob,9
OK,M,1992,Jarred,9
OK,M,1992,Keaton,9
OK,M,1992,Lee,9
OK,M,1992,Maurice,9
OK,M,1992,Maxwell,9
OK,M,1992,Miles,9
OK,M,1992,Sawyer,9
OK,M,1992,Terrance,9
OK,M,1992,Tristan,9
OK,M,1992,Warren,9
OK,M,1992,Addison,8
OK,M,1992,Allan,8
OK,M,1992,Arron,8
OK,M,1992,Augustus,8
OK,M,1992,Brice,8
OK,M,1992,Bruce,8
OK,M,1992,Chaz,8
OK,M,1992,Dexter,8
OK,M,1992,Drake,8
OK,M,1992,Eddie,8
OK,M,1992,Garth,8
OK,M,1992,Geoffrey,8
OK,M,1992,Harrison,8
OK,M,1992,Holden,8
OK,M,1992,Jimmie,8
OK,M,1992,Joey,8
OK,M,1992,Jorge,8
OK,M,1992,Kelvin,8
OK,M,1992,Kendrick,8
OK,M,1992,Kirk,8
OK,M,1992,Lloyd,8
OK,M,1992,Mackenzie,8
OK,M,1992,Malcolm,8
OK,M,1992,Payton,8
OK,M,1992,Roman,8
OK,M,1992,Shannon,8
OK,M,1992,Stormy,8
OK,M,1992,Tayler,8
OK,M,1992,Trevon,8
OK,M,1992,Beau,7
OK,M,1992,Brenden,7
OK,M,1992,Bryson,7
OK,M,1992,Carter,7
OK,M,1992,Coleman,7
OK,M,1992,Damien,7
OK,M,1992,Dane,7
OK,M,1992,Darin,7
OK,M,1992,Deon,7
OK,M,1992,Deven,7
OK,M,1992,Donnie,7
OK,M,1992,Duncan,7
OK,M,1992,Edwin,7
OK,M,1992,Eli,7
OK,M,1992,Elliot,7
OK,M,1992,Fabian,7
OK,M,1992,Franklin,7
OK,M,1992,Graham,7
OK,M,1992,Houston,7
OK,M,1992,Howard,7
OK,M,1992,Keenan,7
OK,M,1992,Kent,7
OK,M,1992,Kurtis,7
OK,M,1992,Leslie,7
OK,M,1992,Lukas,7
OK,M,1992,Mitchel,7
OK,M,1992,Montana,7
OK,M,1992,Myles,7
OK,M,1992,Perry,7
OK,M,1992,Ramon,7
OK,M,1992,Raul,7
OK,M,1992,Reece,7
OK,M,1992,Robin,7
OK,M,1992,Rusty,7
OK,M,1992,Sebastian,7
OK,M,1992,Stefan,7
OK,M,1992,Terrell,7
OK,M,1992,Tyson,7
OK,M,1992,Wayne,7
OK,M,1992,Alfred,6
OK,M,1992,Brant,6
OK,M,1992,Brenton,6
OK,M,1992,Bret,6
OK,M,1992,Brooks,6
OK,M,1992,Byron,6
OK,M,1992,Caden,6
OK,M,1992,Charlie,6
OK,M,1992,Cheyenne,6
OK,M,1992,Cyle,6
OK,M,1992,Darrin,6
OK,M,1992,Davonte,6
OK,M,1992,Dayton,6
OK,M,1992,Deangelo,6
OK,M,1992,Demonte,6
OK,M,1992,Eduardo,6
OK,M,1992,Ellis,6
OK,M,1992,Frederick,6
OK,M,1992,Hank,6
OK,M,1992,Israel,6
OK,M,1992,Jalen,6
OK,M,1992,Jayson,6
OK,M,1992,Jerod,6
OK,M,1992,Jess,6
OK,M,1992,Julio,6
OK,M,1992,Kendal,6
OK,M,1992,Kenton,6
OK,M,1992,Kerry,6
OK,M,1992,Lewis,6
OK,M,1992,Manuel,6
OK,M,1992,Marcos,6
OK,M,1992,Marlon,6
OK,M,1992,Marvin,6
OK,M,1992,Nelson,6
OK,M,1992,Nick,6
OK,M,1992,Omar,6
OK,M,1992,Quentin,6
OK,M,1992,Ray,6
OK,M,1992,Remington,6
OK,M,1992,Robbie,6
OK,M,1992,Sam,6
OK,M,1992,Shay,6
OK,M,1992,Sidney,6
OK,M,1992,Stanley,6
OK,M,1992,Tate,6
OK,M,1992,Theodore,6
OK,M,1992,Tracy,6
OK,M,1992,Tyrell,6
OK,M,1992,Vance,6
OK,M,1992,Will,6
OK,M,1992,Aarron,5
OK,M,1992,Abraham,5
OK,M,1992,Akeem,5
OK,M,1992,Alberto,5
OK,M,1992,Armando,5
OK,M,1992,Austen,5
OK,M,1992,Bailey,5
OK,M,1992,Blair,5
OK,M,1992,Boston,5
OK,M,1992,Britton,5
OK,M,1992,Buddy,5
OK,M,1992,Cecil,5
OK,M,1992,Clay,5
OK,M,1992,Coby,5
OK,M,1992,Codey,5
OK,M,1992,Coleton,5
OK,M,1992,Cullen,5
OK,M,1992,Darrius,5
OK,M,1992,Darryl,5
OK,M,1992,Daryl,5
OK,M,1992,Davis,5
OK,M,1992,Denzel,5
OK,M,1992,Deshawn,5
OK,M,1992,Devonta,5
OK,M,1992,Dimitri,5
OK,M,1992,Donavan,5
OK,M,1992,Donavon,5
OK,M,1992,Donte,5
OK,M,1992,Dwayne,5
OK,M,1992,Dwight,5
OK,M,1992,Dyllan,5
OK,M,1992,Dylon,5
OK,M,1992,Emanuel,5
OK,M,1992,Emilio,5
OK,M,1992,Emmanuel,5
OK,M,1992,Emmett,5
OK,M,1992,Ernest,5
OK,M,1992,Everett,5
OK,M,1992,Felipe,5
OK,M,1992,Fernando,5
OK,M,1992,Frankie,5
OK,M,1992,Glen,5
OK,M,1992,Grady,5
OK,M,1992,Jackie,5
OK,M,1992,Jarod,5
OK,M,1992,Jarrett,5
OK,M,1992,Jerad,5
OK,M,1992,Johnnie,5
OK,M,1992,Jordon,5
OK,M,1992,Kale,5
OK,M,1992,Kalob,5
OK,M,1992,Kegan,5
OK,M,1992,Kejuan,5
OK,M,1992,Kendell,5
OK,M,1992,Kristian,5
OK,M,1992,Lorenzo,5
OK,M,1992,Marshal,5
OK,M,1992,Nigel,5
OK,M,1992,Norman,5
OK,M,1992,Pedro,5
OK,M,1992,Reginald,5
OK,M,1992,Reid,5
OK,M,1992,Robby,5
OK,M,1992,Sage,5
OK,M,1992,Sergio,5
OK,M,1992,Shayne,5
OK,M,1992,Spenser,5
OK,M,1992,Steve,5
OK,M,1992,Terence,5
OK,M,1992,Trever,5
OK,M,1992,Tyrone,5
OK,M,1993,Joshua,488
OK,M,1993,Tyler,479
OK,M,1993,Michael,465
OK,M,1993,Jacob,409
OK,M,1993,Christopher,399
OK,M,1993,Matthew,365
OK,M,1993,Cody,350
OK,M,1993,Austin,346
OK,M,1993,Zachary,339
OK,M,1993,Brandon,319
OK,M,1993,Ryan,303
OK,M,1993,James,300
OK,M,1993,Justin,293
OK,M,1993,William,278
OK,M,1993,John,249
OK,M,1993,David,235
OK,M,1993,Aaron,221
OK,M,1993,Kyle,221
OK,M,1993,Joseph,218
OK,M,1993,Robert,213
OK,M,1993,Andrew,205
OK,M,1993,Nicholas,205
OK,M,1993,Daniel,199
OK,M,1993,Dakota,195
OK,M,1993,Dylan,188
OK,M,1993,Jordan,186
OK,M,1993,Caleb,182
OK,M,1993,Anthony,171
OK,M,1993,Jonathan,165
OK,M,1993,Taylor,156
OK,M,1993,Dalton,154
OK,M,1993,Steven,143
OK,M,1993,Alexander,142
OK,M,1993,Nathan,140
OK,M,1993,Blake,136
OK,M,1993,Christian,135
OK,M,1993,Kevin,124
OK,M,1993,Dillon,122
OK,M,1993,Thomas,121
OK,M,1993,Dustin,120
OK,M,1993,Devin,118
OK,M,1993,Charles,117
OK,M,1993,Jesse,115
OK,M,1993,Samuel,115
OK,M,1993,Timothy,113
OK,M,1993,Cameron,110
OK,M,1993,Eric,110
OK,M,1993,Tanner,110
OK,M,1993,Garrett,106
OK,M,1993,Richard,105
OK,M,1993,Stephen,104
OK,M,1993,Benjamin,102
OK,M,1993,Colton,102
OK,M,1993,Jeremy,101
OK,M,1993,Connor,98
OK,M,1993,Trevor,97
OK,M,1993,Hunter,90
OK,M,1993,Jason,90
OK,M,1993,Jared,86
OK,M,1993,Chase,82
OK,M,1993,Patrick,82
OK,M,1993,Sean,82
OK,M,1993,Logan,81
OK,M,1993,Mark,78
OK,M,1993,Travis,77
OK,M,1993,Adam,76
OK,M,1993,Bradley,74
OK,M,1993,Derek,74
OK,M,1993,Shawn,74
OK,M,1993,Alex,69
OK,M,1993,Corey,68
OK,M,1993,Kenneth,68
OK,M,1993,Ethan,67
OK,M,1993,Jeffrey,67
OK,M,1993,Brian,66
OK,M,1993,Seth,64
OK,M,1993,Cole,63
OK,M,1993,Luke,57
OK,M,1993,Bryan,56
OK,M,1993,Bryce,55
OK,M,1993,Chad,55
OK,M,1993,Evan,55
OK,M,1993,Wesley,55
OK,M,1993,Gregory,53
OK,M,1993,Mason,53
OK,M,1993,Mitchell,53
OK,M,1993,Levi,52
OK,M,1993,Shane,52
OK,M,1993,Colby,51
OK,M,1993,Nathaniel,50
OK,M,1993,Preston,50
OK,M,1993,Phillip,46
OK,M,1993,Grant,45
OK,M,1993,Paul,45
OK,M,1993,Casey,44
OK,M,1993,Brady,43
OK,M,1993,Chance,43
OK,M,1993,Jose,43
OK,M,1993,Trey,43
OK,M,1993,Brett,42
OK,M,1993,Clayton,42
OK,M,1993,Scott,42
OK,M,1993,Ian,41
OK,M,1993,Jake,41
OK,M,1993,Billy,40
OK,M,1993,Jerry,40
OK,M,1993,Cory,39
OK,M,1993,Marcus,39
OK,M,1993,Trenton,38
OK,M,1993,Conner,37
OK,M,1993,Jimmy,37
OK,M,1993,Skyler,37
OK,M,1993,Tommy,37
OK,M,1993,Ty,37
OK,M,1993,Hayden,35
OK,M,1993,Jackson,35
OK,M,1993,Johnathan,35
OK,M,1993,Micheal,35
OK,M,1993,Spencer,35
OK,M,1993,Kaleb,34
OK,M,1993,Lucas,34
OK,M,1993,Terry,34
OK,M,1993,Zachery,34
OK,M,1993,Curtis,33
OK,M,1993,Bobby,32
OK,M,1993,Derrick,32
OK,M,1993,Jeremiah,32
OK,M,1993,Keith,32
OK,M,1993,Devon,31
OK,M,1993,Juan,31
OK,M,1993,Landon,31
OK,M,1993,Micah,31
OK,M,1993,Colin,30
OK,M,1993,Collin,30
OK,M,1993,Isaac,30
OK,M,1993,Johnny,30
OK,M,1993,Larry,30
OK,M,1993,Carl,29
OK,M,1993,Dallas,29
OK,M,1993,Edward,29
OK,M,1993,Gary,29
OK,M,1993,Zackary,29
OK,M,1993,Antonio,28
OK,M,1993,Braden,28
OK,M,1993,Brent,28
OK,M,1993,Gabriel,28
OK,M,1993,Jack,27
OK,M,1993,Joel,27
OK,M,1993,Johnathon,27
OK,M,1993,Kody,27
OK,M,1993,Ricky,27
OK,M,1993,Jeffery,26
OK,M,1993,Jonathon,26
OK,M,1993,Troy,26
OK,M,1993,Victor,26
OK,M,1993,Randy,25
OK,M,1993,Raymond,25
OK,M,1993,Allen,24
OK,M,1993,Donald,24
OK,M,1993,Drew,24
OK,M,1993,Jessie,24
OK,M,1993,Ronald,24
OK,M,1993,Carson,23
OK,M,1993,Elijah,23
OK,M,1993,Erik,23
OK,M,1993,Tony,23
OK,M,1993,Dominique,22
OK,M,1993,Gage,22
OK,M,1993,Kristopher,22
OK,M,1993,Lance,22
OK,M,1993,Mathew,22
OK,M,1993,Shelby,22
OK,M,1993,Vincent,22
OK,M,1993,Drake,21
OK,M,1993,George,21
OK,M,1993,Heath,21
OK,M,1993,Philip,21
OK,M,1993,Trent,21
OK,M,1993,Blaine,20
OK,M,1993,Douglas,20
OK,M,1993,Forrest,20
OK,M,1993,Randall,20
OK,M,1993,Riley,20
OK,M,1993,Toby,20
OK,M,1993,Colten,19
OK,M,1993,Donovan,19
OK,M,1993,Miguel,19
OK,M,1993,Zackery,19
OK,M,1993,Zane,19
OK,M,1993,Adrian,18
OK,M,1993,Alec,18
OK,M,1993,Darius,18
OK,M,1993,Dennis,18
OK,M,1993,Harley,18
OK,M,1993,Josiah,18
OK,M,1993,Nickolas,18
OK,M,1993,Noah,18
OK,M,1993,Brock,17
OK,M,1993,Craig,17
OK,M,1993,Damian,17
OK,M,1993,Darren,17
OK,M,1993,Jon,17
OK,M,1993,Julian,17
OK,M,1993,Kyler,17
OK,M,1993,Marquis,17
OK,M,1993,Skylar,17
OK,M,1993,Alan,16
OK,M,1993,Andre,16
OK,M,1993,Ashton,16
OK,M,1993,Garret,16
OK,M,1993,Jalen,16
OK,M,1993,Luis,16
OK,M,1993,Martin,16
OK,M,1993,Nicolas,16
OK,M,1993,Peter,16
OK,M,1993,Shaquille,16
OK,M,1993,Xavier,16
OK,M,1993,Zachariah,16
OK,M,1993,Calvin,15
OK,M,1993,Harrison,15
OK,M,1993,Isaiah,15
OK,M,1993,Jay,15
OK,M,1993,Joe,15
OK,M,1993,Keegan,15
OK,M,1993,Marshall,15
OK,M,1993,Maxwell,15
OK,M,1993,Parker,15
OK,M,1993,Sebastian,15
OK,M,1993,Cale,14
OK,M,1993,Corbin,14
OK,M,1993,Dusty,14
OK,M,1993,Kendall,14
OK,M,1993,Lane,14
OK,M,1993,Lee,14
OK,M,1993,Quinton,14
OK,M,1993,Rodney,14
OK,M,1993,Roy,14
OK,M,1993,Stetson,14
OK,M,1993,Brody,13
OK,M,1993,Danny,13
OK,M,1993,Frank,13
OK,M,1993,Joey,13
OK,M,1993,Russell,13
OK,M,1993,Shaun,13
OK,M,1993,Weston,13
OK,M,1993,Carlos,12
OK,M,1993,Clinton,12
OK,M,1993,Cooper,12
OK,M,1993,Damon,12
OK,M,1993,Geoffrey,12
OK,M,1993,Kory,12
OK,M,1993,Malcolm,12
OK,M,1993,Max,12
OK,M,1993,Roger,12
OK,M,1993,Terrance,12
OK,M,1993,Tylor,12
OK,M,1993,Bo,11
OK,M,1993,Bryant,11
OK,M,1993,Clay,11
OK,M,1993,Colt,11
OK,M,1993,Devonte,11
OK,M,1993,Dominic,11
OK,M,1993,Eli,11
OK,M,1993,Gavin,11
OK,M,1993,Jamal,11
OK,M,1993,Kaden,11
OK,M,1993,Keaton,11
OK,M,1993,Lawrence,11
OK,M,1993,Marc,11
OK,M,1993,Maurice,11
OK,M,1993,Ross,11
OK,M,1993,Tucker,11
OK,M,1993,Brendon,10
OK,M,1993,Chandler,10
OK,M,1993,Clifford,10
OK,M,1993,Dale,10
OK,M,1993,Darin,10
OK,M,1993,Erick,10
OK,M,1993,Francisco,10
OK,M,1993,Henry,10
OK,M,1993,Jace,10
OK,M,1993,Jarrod,10
OK,M,1993,Jimmie,10
OK,M,1993,Jorge,10
OK,M,1993,Kameron,10
OK,M,1993,Kent,10
OK,M,1993,Nolan,10
OK,M,1993,Tevin,10
OK,M,1993,Todd,10
OK,M,1993,Walter,10
OK,M,1993,Wyatt,10
OK,M,1993,Alejandro,9
OK,M,1993,Angel,9
OK,M,1993,Arthur,9
OK,M,1993,Braxton,9
OK,M,1993,Bret,9
OK,M,1993,Byron,9
OK,M,1993,Darian,9
OK,M,1993,Darrell,9
OK,M,1993,Demetrius,9
OK,M,1993,Denzel,9
OK,M,1993,Jarrett,9
OK,M,1993,Jesus,9
OK,M,1993,Kolby,9
OK,M,1993,Manuel,9
OK,M,1993,Marvin,9
OK,M,1993,Melvin,9
OK,M,1993,Montana,9
OK,M,1993,Omar,9
OK,M,1993,Oscar,9
OK,M,1993,Perry,9
OK,M,1993,Ronnie,9
OK,M,1993,Sterling,9
OK,M,1993,Steve,9
OK,M,1993,Wade,9
OK,M,1993,Allan,8
OK,M,1993,Austen,8
OK,M,1993,Beau,8
OK,M,1993,Branden,8
OK,M,1993,Cesar,8
OK,M,1993,Conor,8
OK,M,1993,Coty,8
OK,M,1993,Darrin,8
OK,M,1993,Demarco,8
OK,M,1993,Derick,8
OK,M,1993,Dwight,8
OK,M,1993,Eddie,8
OK,M,1993,Edwin,8
OK,M,1993,Fernando,8
OK,M,1993,Franklin,8
OK,M,1993,Holden,8
OK,M,1993,Jaron,8
OK,M,1993,Kale,8
OK,M,1993,Kelby,8
OK,M,1993,Kelly,8
OK,M,1993,Kirby,8
OK,M,1993,Korey,8
OK,M,1993,Miles,8
OK,M,1993,Payton,8
OK,M,1993,Reece,8
OK,M,1993,Ricardo,8
OK,M,1993,Tristan,8
OK,M,1993,Aron,7
OK,M,1993,Aubrey,7
OK,M,1993,Baby,7
OK,M,1993,Barrett,7
OK,M,1993,Brant,7
OK,M,1993,Brendan,7
OK,M,1993,Brenton,7
OK,M,1993,Cade,7
OK,M,1993,Cecil,7
OK,M,1993,Clarence,7
OK,M,1993,Coleman,7
OK,M,1993,Damien,7
OK,M,1993,Dante,7
OK,M,1993,Donnie,7
OK,M,1993,Edgar,7
OK,M,1993,Eduardo,7
OK,M,1993,Elias,7
OK,M,1993,Everett,7
OK,M,1993,Forest,7
OK,M,1993,Francis,7
OK,M,1993,Frankie,7
OK,M,1993,Gerald,7
OK,M,1993,Jaime,7
OK,M,1993,Jamie,7
OK,M,1993,Jarred,7
OK,M,1993,Kendrick,7
OK,M,1993,Kenny,7
OK,M,1993,Kentrell,7
OK,M,1993,Kerry,7
OK,M,1993,Kristian,7
OK,M,1993,Lewis,7
OK,M,1993,Mario,7
OK,M,1993,Myles,7
OK,M,1993,Nathanael,7
OK,M,1993,Quentin,7
OK,M,1993,Ralph,7
OK,M,1993,Ramon,7
OK,M,1993,Reed,7
OK,M,1993,Rex,7
OK,M,1993,Rowdy,7
OK,M,1993,Saul,7
OK,M,1993,Scotty,7
OK,M,1993,Tyrone,7
OK,M,1993,Vernon,7
OK,M,1993,Walker,7
OK,M,1993,Warren,7
OK,M,1993,Addison,6
OK,M,1993,Alton,6
OK,M,1993,Barry,6
OK,M,1993,Bradly,6
OK,M,1993,Brayden,6
OK,M,1993,Brenden,6
OK,M,1993,Camron,6
OK,M,1993,Carter,6
OK,M,1993,Chaz,6
OK,M,1993,Clint,6
OK,M,1993,Darryl,6
OK,M,1993,Davion,6
OK,M,1993,Dayton,6
OK,M,1993,Deandre,6
OK,M,1993,Deangelo,6
OK,M,1993,Deven,6
OK,M,1993,Dillan,6
OK,M,1993,Dimitri,6
OK,M,1993,Duncan,6
OK,M,1993,Emmanuel,6
OK,M,1993,Ernest,6
OK,M,1993,Garrison,6
OK,M,1993,Grayson,6
OK,M,1993,Hector,6
OK,M,1993,Houston,6
OK,M,1993,Javier,6
OK,M,1993,Jayson,6
OK,M,1993,Johnie,6
OK,M,1993,Jonah,6
OK,M,1993,Jordon,6
OK,M,1993,Julio,6
OK,M,1993,Justice,6
OK,M,1993,Justus,6
OK,M,1993,Kasey,6
OK,M,1993,Kolton,6
OK,M,1993,Leon,6
OK,M,1993,Lincoln,6
OK,M,1993,Lorenzo,6
OK,M,1993,Mackenzie,6
OK,M,1993,Marco,6
OK,M,1993,Markus,6
OK,M,1993,Marquise,6
OK,M,1993,Mikel,6
OK,M,1993,Morgan,6
OK,M,1993,Peyton,6
OK,M,1993,Rance,6
OK,M,1993,Reginald,6
OK,M,1993,Roman,6
OK,M,1993,Ruben,6
OK,M,1993,Sawyer,6
OK,M,1993,Sergio,6
OK,M,1993,Sheldon,6
OK,M,1993,Silas,6
OK,M,1993,Sonny,6
OK,M,1993,Tayler,6
OK,M,1993,Terrell,6
OK,M,1993,Theodore,6
OK,M,1993,Tyrell,6
OK,M,1993,Vance,6
OK,M,1993,Wayne,6
OK,M,1993,Wilson,6
OK,M,1993,Zakary,6
OK,M,1993,Zechariah,6
OK,M,1993,Alberto,5
OK,M,1993,Alfred,5
OK,M,1993,Alvin,5
OK,M,1993,Andres,5
OK,M,1993,Armando,5
OK,M,1993,Arturo,5
OK,M,1993,Avery,5
OK,M,1993,Bailey,5
OK,M,1993,Blade,5
OK,M,1993,Brad,5
OK,M,1993,Braeden,5
OK,M,1993,Brennen,5
OK,M,1993,Brooks,5
OK,M,1993,Bruce,5
OK,M,1993,Camden,5
OK,M,1993,Carlton,5
OK,M,1993,Cedric,5
OK,M,1993,Charlie,5
OK,M,1993,Clyde,5
OK,M,1993,Codie,5
OK,M,1993,Cullen,5
OK,M,1993,Dakoda,5
OK,M,1993,Darion,5
OK,M,1993,Daulton,5
OK,M,1993,Davis,5
OK,M,1993,Dawson,5
OK,M,1993,Denton,5
OK,M,1993,Deondre,5
OK,M,1993,Desmond,5
OK,M,1993,Dewayne,5
OK,M,1993,Fred,5
OK,M,1993,Frederick,5
OK,M,1993,Guy,5
OK,M,1993,Haden,5
OK,M,1993,Herbert,5
OK,M,1993,Heston,5
OK,M,1993,Humberto,5
OK,M,1993,Israel,5
OK,M,1993,Jerrod,5
OK,M,1993,Kade,5
OK,M,1993,Kegan,5
OK,M,1993,Kelvin,5
OK,M,1993,Kendell,5
OK,M,1993,Kenyon,5
OK,M,1993,Layne,5
OK,M,1993,Leighton,5
OK,M,1993,Lloyd,5
OK,M,1993,Loren,5
OK,M,1993,Malachi,5
OK,M,1993,Malik,5
OK,M,1993,Marcos,5
OK,M,1993,Mohammed,5
OK,M,1993,Nikolas,5
OK,M,1993,Orlando,5
OK,M,1993,Pedro,5
OK,M,1993,Rafael,5
OK,M,1993,Randal,5
OK,M,1993,Ray,5
OK,M,1993,Roberto,5
OK,M,1993,Royce,5
OK,M,1993,Ryne,5
OK,M,1993,Sidney,5
OK,M,1993,Stuart,5
OK,M,1993,Talon,5
OK,M,1993,Terrence,5
OK,M,1993,Trevon,5
OK,M,1993,Turner,5
OK,M,1993,Will,5
OK,M,1993,Willie,5
OK,M,1993,Winston,5
OK,M,1994,Tyler,488
OK,M,1994,Jacob,443
OK,M,1994,Michael,434
OK,M,1994,Joshua,375
OK,M,1994,Brandon,360
OK,M,1994,Austin,356
OK,M,1994,Christopher,340
OK,M,1994,Matthew,332
OK,M,1994,Cody,330
OK,M,1994,Zachary,310
OK,M,1994,James,273
OK,M,1994,William,249
OK,M,1994,John,236
OK,M,1994,David,228
OK,M,1994,Justin,222
OK,M,1994,Joseph,219
OK,M,1994,Dylan,217
OK,M,1994,Ryan,215
OK,M,1994,Kyle,212
OK,M,1994,Nicholas,211
OK,M,1994,Robert,206
OK,M,1994,Jordan,203
OK,M,1994,Dakota,202
OK,M,1994,Daniel,196
OK,M,1994,Aaron,195
OK,M,1994,Andrew,194
OK,M,1994,Jonathan,191
OK,M,1994,Caleb,176
OK,M,1994,Anthony,167
OK,M,1994,Dalton,166
OK,M,1994,Blake,150
OK,M,1994,Christian,149
OK,M,1994,Alexander,146
OK,M,1994,Steven,138
OK,M,1994,Hunter,136
OK,M,1994,Dustin,132
OK,M,1994,Samuel,132
OK,M,1994,Timothy,131
OK,M,1994,Garrett,123
OK,M,1994,Kevin,120
OK,M,1994,Nathan,118
OK,M,1994,Taylor,118
OK,M,1994,Thomas,117
OK,M,1994,Logan,114
OK,M,1994,Charles,113
OK,M,1994,Colton,113
OK,M,1994,Tanner,113
OK,M,1994,Cameron,107
OK,M,1994,Jesse,106
OK,M,1994,Jeremy,101
OK,M,1994,Devin,99
OK,M,1994,Trevor,98
OK,M,1994,Richard,96
OK,M,1994,Dillon,95
OK,M,1994,Stephen,92
OK,M,1994,Eric,91
OK,M,1994,Benjamin,88
OK,M,1994,Adam,86
OK,M,1994,Brian,86
OK,M,1994,Chase,86
OK,M,1994,Travis,83
OK,M,1994,Jason,78
OK,M,1994,Seth,78
OK,M,1994,Derek,76
OK,M,1994,Connor,72
OK,M,1994,Mason,72
OK,M,1994,Jared,71
OK,M,1994,Levi,71
OK,M,1994,Jeffrey,70
OK,M,1994,Cole,69
OK,M,1994,Ethan,68
OK,M,1994,Patrick,68
OK,M,1994,Bryce,67
OK,M,1994,Chance,67
OK,M,1994,Sean,66
OK,M,1994,Bradley,65
OK,M,1994,Evan,65
OK,M,1994,Kenneth,61
OK,M,1994,Alex,60
OK,M,1994,Corey,60
OK,M,1994,Wesley,58
OK,M,1994,Luke,57
OK,M,1994,Shawn,57
OK,M,1994,Mitchell,55
OK,M,1994,Jake,53
OK,M,1994,Clayton,52
OK,M,1994,Marcus,52
OK,M,1994,Gregory,51
OK,M,1994,Kaleb,50
OK,M,1994,Preston,50
OK,M,1994,Brett,49
OK,M,1994,Gabriel,48
OK,M,1994,Jose,47
OK,M,1994,Bryan,46
OK,M,1994,Shane,46
OK,M,1994,Mark,45
OK,M,1994,Paul,45
OK,M,1994,Braden,44
OK,M,1994,Brady,44
OK,M,1994,Derrick,43
OK,M,1994,Hayden,43
OK,M,1994,Nathaniel,43
OK,M,1994,Casey,42
OK,M,1994,Cory,42
OK,M,1994,Jeremiah,41
OK,M,1994,Billy,39
OK,M,1994,Chad,39
OK,M,1994,Lucas,39
OK,M,1994,Spencer,39
OK,M,1994,Grant,38
OK,M,1994,Brent,37
OK,M,1994,Colby,37
OK,M,1994,Collin,37
OK,M,1994,Gage,37
OK,M,1994,Scott,37
OK,M,1994,Skyler,35
OK,M,1994,Curtis,34
OK,M,1994,Dallas,34
OK,M,1994,Ian,34
OK,M,1994,Wyatt,34
OK,M,1994,Zachery,34
OK,M,1994,Alec,33
OK,M,1994,Jerry,33
OK,M,1994,Trenton,33
OK,M,1994,Jackson,32
OK,M,1994,Landon,32
OK,M,1994,Trey,32
OK,M,1994,Bobby,31
OK,M,1994,Devon,31
OK,M,1994,Elijah,31
OK,M,1994,Forrest,31
OK,M,1994,Isaac,31
OK,M,1994,Phillip,31
OK,M,1994,Joel,30
OK,M,1994,Johnathan,30
OK,M,1994,Jonathon,30
OK,M,1994,Lane,30
OK,M,1994,Adrian,29
OK,M,1994,Johnny,29
OK,M,1994,Russell,29
OK,M,1994,Jalen,28
OK,M,1994,Josiah,28
OK,M,1994,Micah,28
OK,M,1994,Antonio,27
OK,M,1994,Conner,27
OK,M,1994,Edward,27
OK,M,1994,Riley,27
OK,M,1994,Tony,27
OK,M,1994,Trent,27
OK,M,1994,Donald,26
OK,M,1994,Larry,26
OK,M,1994,Zackary,26
OK,M,1994,Carlos,25
OK,M,1994,Gary,25
OK,M,1994,Jimmy,25
OK,M,1994,Keith,25
OK,M,1994,Parker,24
OK,M,1994,Randy,24
OK,M,1994,Raymond,24
OK,M,1994,Ricky,24
OK,M,1994,Corbin,23
OK,M,1994,Erik,23
OK,M,1994,Isaiah,23
OK,M,1994,Jack,23
OK,M,1994,Juan,23
OK,M,1994,Kyler,23
OK,M,1994,Troy,23
OK,M,1994,Weston,23
OK,M,1994,Calvin,22
OK,M,1994,George,22
OK,M,1994,Jesus,22
OK,M,1994,Kendall,22
OK,M,1994,Miguel,22
OK,M,1994,Ty,22
OK,M,1994,Victor,22
OK,M,1994,Allen,21
OK,M,1994,Clinton,21
OK,M,1994,Dusty,21
OK,M,1994,Henry,21
OK,M,1994,Kody,21
OK,M,1994,Noah,21
OK,M,1994,Carson,20
OK,M,1994,Drew,20
OK,M,1994,Kristopher,20
OK,M,1994,Lance,20
OK,M,1994,Micheal,20
OK,M,1994,Morgan,20
OK,M,1994,Brendan,19
OK,M,1994,Colin,19
OK,M,1994,Dennis,19
OK,M,1994,Dominique,19
OK,M,1994,Gavin,19
OK,M,1994,Jay,19
OK,M,1994,Nickolas,19
OK,M,1994,Ronnie,19
OK,M,1994,Zachariah,19
OK,M,1994,Carl,18
OK,M,1994,Dominic,18
OK,M,1994,Jeffery,18
OK,M,1994,Jessie,18
OK,M,1994,Joe,18
OK,M,1994,Luis,18
OK,M,1994,Nicolas,18
OK,M,1994,Quinton,18
OK,M,1994,Shelby,18
OK,M,1994,Terry,18
OK,M,1994,Chandler,17
OK,M,1994,Darius,17
OK,M,1994,Darren,17
OK,M,1994,Douglas,17
OK,M,1994,Harley,17
OK,M,1994,Jakob,17
OK,M,1994,Jon,17
OK,M,1994,Xavier,17
OK,M,1994,Andre,16
OK,M,1994,Harrison,16
OK,M,1994,Payton,16
OK,M,1994,Randall,16
OK,M,1994,Vincent,16
OK,M,1994,Alan,15
OK,M,1994,Brayden,15
OK,M,1994,Clay,15
OK,M,1994,Erick,15
OK,M,1994,Johnathon,15
OK,M,1994,Martin,15
OK,M,1994,Mathew,15
OK,M,1994,Ricardo,15
OK,M,1994,Rodney,15
OK,M,1994,Skylar,15
OK,M,1994,Tevin,15
OK,M,1994,Tommy,15
OK,M,1994,Tylor,15
OK,M,1994,Brock,14
OK,M,1994,Dillan,14
OK,M,1994,Frank,14
OK,M,1994,Jorge,14
OK,M,1994,Miles,14
OK,M,1994,Peter,14
OK,M,1994,Roy,14
OK,M,1994,Sheldon,14
OK,M,1994,Avery,13
OK,M,1994,Branden,13
OK,M,1994,Cale,13
OK,M,1994,Clint,13
OK,M,1994,Damon,13
OK,M,1994,Darian,13
OK,M,1994,Devan,13
OK,M,1994,Eduardo,13
OK,M,1994,Jarrod,13
OK,M,1994,Kelly,13
OK,M,1994,Philip,13
OK,M,1994,Roberto,13
OK,M,1994,Beau,12
OK,M,1994,Colt,12
OK,M,1994,Colten,12
OK,M,1994,Damion,12
OK,M,1994,Darrell,12
OK,M,1994,Deandre,12
OK,M,1994,Jonah,12
OK,M,1994,Kameron,12
OK,M,1994,Keaton,12
OK,M,1994,Kolby,12
OK,M,1994,Manuel,12
OK,M,1994,Marquis,12
OK,M,1994,Stetson,12
OK,M,1994,Terrance,12
OK,M,1994,Zane,12
OK,M,1994,Angel,11
OK,M,1994,Bryson,11
OK,M,1994,Byron,11
OK,M,1994,Damian,11
OK,M,1994,Eli,11
OK,M,1994,Francisco,11
OK,M,1994,Gerald,11
OK,M,1994,Grayson,11
OK,M,1994,Houston,11
OK,M,1994,Jamie,11
OK,M,1994,Julian,11
OK,M,1994,Justus,11
OK,M,1994,Kolton,11
OK,M,1994,Roger,11
OK,M,1994,Ronald,11
OK,M,1994,Ross,11
OK,M,1994,Sterling,11
OK,M,1994,Zackery,11
OK,M,1994,Ashton,10
OK,M,1994,Braxton,10
OK,M,1994,Brennan,10
OK,M,1994,Brenton,10
OK,M,1994,Bret,10
OK,M,1994,Brody,10
OK,M,1994,Cheyenne,10
OK,M,1994,Cordell,10
OK,M,1994,Danny,10
OK,M,1994,Drake,10
OK,M,1994,Edgar,10
OK,M,1994,Holden,10
OK,M,1994,Keegan,10
OK,M,1994,Oscar,10
OK,M,1994,Sebastian,10
OK,M,1994,Sidney,10
OK,M,1994,Todd,10
OK,M,1994,Tristan,10
OK,M,1994,Albert,9
OK,M,1994,Bailey,9
OK,M,1994,Blaine,9
OK,M,1994,Brooks,9
OK,M,1994,Bruce,9
OK,M,1994,Coleman,9
OK,M,1994,Cooper,9
OK,M,1994,Craig,9
OK,M,1994,Eddie,9
OK,M,1994,Garret,9
OK,M,1994,Geoffrey,9
OK,M,1994,Javier,9
OK,M,1994,Jerrod,9
OK,M,1994,Jimmie,9
OK,M,1994,Justice,9
OK,M,1994,Keifer,9
OK,M,1994,Kristian,9
OK,M,1994,Max,9
OK,M,1994,Maxwell,9
OK,M,1994,Peyton,9
OK,M,1994,Reece,9
OK,M,1994,Reid,9
OK,M,1994,Shannon,9
OK,M,1994,Tracy,9
OK,M,1994,Trevon,9
OK,M,1994,Tucker,9
OK,M,1994,Tyrone,9
OK,M,1994,Walter,9
OK,M,1994,Bo,8
OK,M,1994,Brendon,8
OK,M,1994,Bryant,8
OK,M,1994,Cade,8
OK,M,1994,Cesar,8
OK,M,1994,Cristian,8
OK,M,1994,Darion,8
OK,M,1994,Davonte,8
OK,M,1994,Demetrius,8
OK,M,1994,Derick,8
OK,M,1994,Desmond,8
OK,M,1994,Easton,8
OK,M,1994,Enrique,8
OK,M,1994,Isiah,8
OK,M,1994,Jarrett,8
OK,M,1994,Kelby,8
OK,M,1994,Lawrence,8
OK,M,1994,Leon,8
OK,M,1994,Marc,8
OK,M,1994,Mario,8
OK,M,1994,Nolan,8
OK,M,1994,Omar,8
OK,M,1994,Sergio,8
OK,M,1994,Walker,8
OK,M,1994,Warren,8
OK,M,1994,Waylon,8
OK,M,1994,Zakary,8
OK,M,1994,Allan,7
OK,M,1994,Blade,7
OK,M,1994,Brice,7
OK,M,1994,Carter,7
OK,M,1994,Clifford,7
OK,M,1994,Clifton,7
OK,M,1994,Deonte,7
OK,M,1994,Dewayne,7
OK,M,1994,Duncan,7
OK,M,1994,Elias,7
OK,M,1994,Emmanuel,7
OK,M,1994,Franklin,7
OK,M,1994,Glenn,7
OK,M,1994,Greyson,7
OK,M,1994,Gunner,7
OK,M,1994,Gustavo,7
OK,M,1994,Heath,7
OK,M,1994,Jace,7
OK,M,1994,Joey,7
OK,M,1994,Julio,7
OK,M,1994,Kaden,7
OK,M,1994,Kale,7
OK,M,1994,Kent,7
OK,M,1994,Kristofer,7
OK,M,1994,Lewis,7
OK,M,1994,Louis,7
OK,M,1994,Marco,7
OK,M,1994,Marvin,7
OK,M,1994,Montana,7
OK,M,1994,Myles,7
OK,M,1994,Nathanial,7
OK,M,1994,Quincy,7
OK,M,1994,Ramon,7
OK,M,1994,Reginald,7
OK,M,1994,Rickey,7
OK,M,1994,Rowdy,7
OK,M,1994,Ruben,7
OK,M,1994,Shaun,7
OK,M,1994,Spenser,7
OK,M,1994,Terrell,7
OK,M,1994,Theodore,7
OK,M,1994,Toby,7
OK,M,1994,Tre,7
OK,M,1994,Tyson,7
OK,M,1994,Wade,7
OK,M,1994,Wayne,7
OK,M,1994,Alejandro,6
OK,M,1994,Alfonso,6
OK,M,1994,Aron,6
OK,M,1994,Austen,6
OK,M,1994,Bradford,6
OK,M,1994,Brenden,6
OK,M,1994,Briar,6
OK,M,1994,Britton,6
OK,M,1994,Camron,6
OK,M,1994,Charlie,6
OK,M,1994,Chris,6
OK,M,1994,Clarence,6
OK,M,1994,Clark,6
OK,M,1994,Coleton,6
OK,M,1994,Dale,6
OK,M,1994,Darin,6
OK,M,1994,Davion,6
OK,M,1994,Demarco,6
OK,M,1994,Deshawn,6
OK,M,1994,Destin,6
OK,M,1994,Devante,6
OK,M,1994,Dillion,6
OK,M,1994,Donnie,6
OK,M,1994,Eugene,6
OK,M,1994,Ezekiel,6
OK,M,1994,Fernando,6
OK,M,1994,Garrison,6
OK,M,1994,Gerardo,6
OK,M,1994,Giovanni,6
OK,M,1994,Jackie,6
OK,M,1994,Jacoby,6
OK,M,1994,Jarod,6
OK,M,1994,Jaron,6
OK,M,1994,Javon,6
OK,M,1994,Jefferson,6
OK,M,1994,Jerod,6
OK,M,1994,Jerome,6
OK,M,1994,Kade,6
OK,M,1994,Kelton,6
OK,M,1994,Layne,6
OK,M,1994,Lee,6
OK,M,1994,Lorenzo,6
OK,M,1994,Mackenzie,6
OK,M,1994,Marshall,6
OK,M,1994,Maurice,6
OK,M,1994,Nathanael,6
OK,M,1994,Nigel,6
OK,M,1994,Owen,6
OK,M,1994,Perry,6
OK,M,1994,Quentin,6
OK,M,1994,Reese,6
OK,M,1994,Rocky,6
OK,M,1994,Rylan,6
OK,M,1994,Ryne,6
OK,M,1994,Shaquille,6
OK,M,1994,Stefan,6
OK,M,1994,Tayler,6
OK,M,1994,Trace,6
OK,M,1994,Trae,6
OK,M,1994,Alonzo,5
OK,M,1994,Andy,5
OK,M,1994,Augustus,5
OK,M,1994,Baylor,5
OK,M,1994,Bill,5
OK,M,1994,Blane,5
OK,M,1994,Brannon,5
OK,M,1994,Bryar,5
OK,M,1994,Cherokee,5
OK,M,1994,Coby,5
OK,M,1994,Codi,5
OK,M,1994,Corban,5
OK,M,1994,Dakoda,5
OK,M,1994,Darrick,5
OK,M,1994,Daryl,5
OK,M,1994,Daxton,5
OK,M,1994,Dayton,5
OK,M,1994,Denton,5
OK,M,1994,Denver,5
OK,M,1994,Dequan,5
OK,M,1994,Deven,5
OK,M,1994,Devonte,5
OK,M,1994,Devyn,5
OK,M,1994,Donovan,5
OK,M,1994,Dylon,5
OK,M,1994,Edwin,5
OK,M,1994,Elisha,5
OK,M,1994,Elliott,5
OK,M,1994,Forest,5
OK,M,1994,Foster,5
OK,M,1994,Frederick,5
OK,M,1994,Fredrick,5
OK,M,1994,Glen,5
OK,M,1994,Grady,5
OK,M,1994,Guillermo,5
OK,M,1994,Howard,5
OK,M,1994,Ivan,5
OK,M,1994,Jaden,5
OK,M,1994,Jaime,5
OK,M,1994,Jaylen,5
OK,M,1994,Jordon,5
OK,M,1994,Kalen,5
OK,M,1994,Kane,5
OK,M,1994,Keenan,5
OK,M,1994,Kenton,5
OK,M,1994,Koby,5
OK,M,1994,Korey,5
OK,M,1994,Kory,5
OK,M,1994,Leland,5
OK,M,1994,Lloyd,5
OK,M,1994,Marcos,5
OK,M,1994,Markus,5
OK,M,1994,Neil,5
OK,M,1994,Nelson,5
OK,M,1994,Pedro,5
OK,M,1994,Quinn,5
OK,M,1994,Remington,5
OK,M,1994,Rico,5
OK,M,1994,Sawyer,5
OK,M,1994,Scotty,5
OK,M,1994,Shelton,5
OK,M,1994,Stanley,5
OK,M,1994,Steve,5
OK,M,1994,Tate,5
OK,M,1994,Teddy,5
OK,M,1994,Turner,5
OK,M,1994,Tyrell,5
OK,M,1995,Tyler,471
OK,M,1995,Austin,467
OK,M,1995,Jacob,430
OK,M,1995,Michael,397
OK,M,1995,Joshua,389
OK,M,1995,Christopher,335
OK,M,1995,Brandon,301
OK,M,1995,Matthew,301
OK,M,1995,Cody,289
OK,M,1995,James,279
OK,M,1995,Justin,273
OK,M,1995,Zachary,261
OK,M,1995,Ryan,260
OK,M,1995,William,247
OK,M,1995,John,227
OK,M,1995,Dakota,218
OK,M,1995,Andrew,217
OK,M,1995,David,216
OK,M,1995,Joseph,208
OK,M,1995,Daniel,203
OK,M,1995,Nicholas,202
OK,M,1995,Caleb,200
OK,M,1995,Dylan,196
OK,M,1995,Kyle,189
OK,M,1995,Aaron,182
OK,M,1995,Robert,177
OK,M,1995,Hunter,175
OK,M,1995,Jordan,170
OK,M,1995,Colton,168
OK,M,1995,Jonathan,162
OK,M,1995,Christian,158
OK,M,1995,Dalton,148
OK,M,1995,Alexander,147
OK,M,1995,Blake,143
OK,M,1995,Anthony,140
OK,M,1995,Tanner,137
OK,M,1995,Nathan,133
OK,M,1995,Samuel,127
OK,M,1995,Logan,123
OK,M,1995,Dustin,121
OK,M,1995,Thomas,118
OK,M,1995,Garrett,117
OK,M,1995,Kevin,112
OK,M,1995,Cameron,111
OK,M,1995,Devin,108
OK,M,1995,Eric,105
OK,M,1995,Jesse,105
OK,M,1995,Steven,102
OK,M,1995,Jason,99
OK,M,1995,Timothy,95
OK,M,1995,Charles,94
OK,M,1995,Benjamin,91
OK,M,1995,Trevor,91
OK,M,1995,Chase,90
OK,M,1995,Taylor,90
OK,M,1995,Ethan,89
OK,M,1995,Dillon,81
OK,M,1995,Adam,79
OK,M,1995,Chance,79
OK,M,1995,Mason,78
OK,M,1995,Stephen,78
OK,M,1995,Brian,77
OK,M,1995,Connor,76
OK,M,1995,Jeremy,72
OK,M,1995,Wyatt,71
OK,M,1995,Patrick,70
OK,M,1995,Sean,68
OK,M,1995,Seth,68
OK,M,1995,Richard,67
OK,M,1995,Alex,66
OK,M,1995,Tristan,66
OK,M,1995,Derek,65
OK,M,1995,Jared,65
OK,M,1995,Mark,65
OK,M,1995,Braden,63
OK,M,1995,Bryce,62
OK,M,1995,Travis,62
OK,M,1995,Bradley,60
OK,M,1995,Brett,59
OK,M,1995,Kenneth,59
OK,M,1995,Levi,58
OK,M,1995,Kaleb,57
OK,M,1995,Lane,56
OK,M,1995,Phillip,56
OK,M,1995,Cole,55
OK,M,1995,Jeffrey,55
OK,M,1995,Shawn,55
OK,M,1995,Colby,54
OK,M,1995,Gabriel,54
OK,M,1995,Corey,52
OK,M,1995,Gage,52
OK,M,1995,Ian,52
OK,M,1995,Casey,51
OK,M,1995,Evan,51
OK,M,1995,Luke,50
OK,M,1995,Clayton,49
OK,M,1995,Jake,49
OK,M,1995,Cory,48
OK,M,1995,Spencer,48
OK,M,1995,Lucas,47
OK,M,1995,Preston,47
OK,M,1995,Elijah,46
OK,M,1995,Grant,46
OK,M,1995,Marcus,46
OK,M,1995,Ty,46
OK,M,1995,Antonio,45
OK,M,1995,Bryan,45
OK,M,1995,Nathaniel,45
OK,M,1995,Hayden,44
OK,M,1995,Mitchell,44
OK,M,1995,Devon,43
OK,M,1995,Jose,43
OK,M,1995,Shane,43
OK,M,1995,Noah,41
OK,M,1995,Brady,39
OK,M,1995,Scott,39
OK,M,1995,Wesley,39
OK,M,1995,Collin,38
OK,M,1995,Jimmy,38
OK,M,1995,Juan,38
OK,M,1995,Trenton,38
OK,M,1995,Billy,37
OK,M,1995,Chad,37
OK,M,1995,Chandler,37
OK,M,1995,Dallas,37
OK,M,1995,Trey,37
OK,M,1995,Landon,36
OK,M,1995,Conner,35
OK,M,1995,Micah,35
OK,M,1995,Jack,34
OK,M,1995,Jeremiah,34
OK,M,1995,Johnathan,34
OK,M,1995,Derrick,33
OK,M,1995,Jackson,33
OK,M,1995,Parker,33
OK,M,1995,Bobby,32
OK,M,1995,Drew,31
OK,M,1995,Isaac,31
OK,M,1995,Paul,30
OK,M,1995,Skyler,30
OK,M,1995,Alec,29
OK,M,1995,Jeffery,29
OK,M,1995,Keith,29
OK,M,1995,Riley,29
OK,M,1995,Troy,29
OK,M,1995,Colin,28
OK,M,1995,Julian,28
OK,M,1995,Morgan,28
OK,M,1995,Zachery,28
OK,M,1995,Brent,27
OK,M,1995,Isaiah,27
OK,M,1995,Ronald,27
OK,M,1995,Zane,27
OK,M,1995,Josiah,26
OK,M,1995,Terry,26
OK,M,1995,Victor,26
OK,M,1995,Xavier,26
OK,M,1995,Carlos,25
OK,M,1995,Gregory,25
OK,M,1995,Joel,25
OK,M,1995,Jonathon,25
OK,M,1995,Lance,25
OK,M,1995,Zackery,25
OK,M,1995,Jon,24
OK,M,1995,Keaton,24
OK,M,1995,Tommy,24
OK,M,1995,Curtis,23
OK,M,1995,Larry,23
OK,M,1995,Ashton,22
OK,M,1995,Bailey,22
OK,M,1995,Edward,22
OK,M,1995,Kristopher,22
OK,M,1995,Kyler,22
OK,M,1995,Randy,22
OK,M,1995,Skylar,22
OK,M,1995,Brendan,21
OK,M,1995,Donald,21
OK,M,1995,Douglas,21
OK,M,1995,Gavin,21
OK,M,1995,Johnny,21
OK,M,1995,Micheal,21
OK,M,1995,Zackary,21
OK,M,1995,Adrian,20
OK,M,1995,Avery,20
OK,M,1995,Brayden,20
OK,M,1995,Danny,20
OK,M,1995,George,20
OK,M,1995,Harley,20
OK,M,1995,Jerry,20
OK,M,1995,Cade,19
OK,M,1995,Carson,19
OK,M,1995,Donovan,19
OK,M,1995,Forrest,19
OK,M,1995,Henry,19
OK,M,1995,Kody,19
OK,M,1995,Clay,18
OK,M,1995,Dominique,18
OK,M,1995,Drake,18
OK,M,1995,Kameron,18
OK,M,1995,Quinton,18
OK,M,1995,Shelby,18
OK,M,1995,Tony,18
OK,M,1995,Brock,17
OK,M,1995,Colten,17
OK,M,1995,Corbin,17
OK,M,1995,Joe,17
OK,M,1995,Marshall,17
OK,M,1995,Mathew,17
OK,M,1995,Peter,17
OK,M,1995,Rodney,17
OK,M,1995,Tristen,17
OK,M,1995,Allen,16
OK,M,1995,Damon,16
OK,M,1995,Gary,16
OK,M,1995,Jesus,16
OK,M,1995,Jonah,16
OK,M,1995,Kendall,16
OK,M,1995,Malik,16
OK,M,1995,Nickolas,16
OK,M,1995,Omar,16
OK,M,1995,Todd,16
OK,M,1995,Trent,16
OK,M,1995,Blaine,15
OK,M,1995,Braxton,15
OK,M,1995,Carl,15
OK,M,1995,Damian,15
OK,M,1995,Luis,15
OK,M,1995,Mario,15
OK,M,1995,Philip,15
OK,M,1995,Ricky,15
OK,M,1995,Ronnie,15
OK,M,1995,Weston,15
OK,M,1995,Alan,14
OK,M,1995,Beau,14
OK,M,1995,Brendon,14
OK,M,1995,Darrell,14
OK,M,1995,Davion,14
OK,M,1995,Eli,14
OK,M,1995,Fernando,14
OK,M,1995,Jace,14
OK,M,1995,Jalen,14
OK,M,1995,Johnathon,14
OK,M,1995,Manuel,14
OK,M,1995,Russell,14
OK,M,1995,Alejandro,13
OK,M,1995,Bryson,13
OK,M,1995,Damien,13
OK,M,1995,Darian,13
OK,M,1995,Darius,13
OK,M,1995,Dennis,13
OK,M,1995,Devan,13
OK,M,1995,Emmanuel,13
OK,M,1995,Frank,13
OK,M,1995,Kolton,13
OK,M,1995,Maxwell,13
OK,M,1995,Miguel,13
OK,M,1995,Payton,13
OK,M,1995,Raymond,13
OK,M,1995,Reginald,13
OK,M,1995,Triston,13
OK,M,1995,Walter,13
OK,M,1995,Andre,12
OK,M,1995,Austen,12
OK,M,1995,Carter,12
OK,M,1995,Clinton,12
OK,M,1995,Coleman,12
OK,M,1995,Cooper,12
OK,M,1995,Garret,12
OK,M,1995,Harrison,12
OK,M,1995,Jessie,12
OK,M,1995,Kade,12
OK,M,1995,Kolby,12
OK,M,1995,Sebastian,12
OK,M,1995,Albert,11
OK,M,1995,Brody,11
OK,M,1995,Bryant,11
OK,M,1995,Cale,11
OK,M,1995,Colt,11
OK,M,1995,Cordell,11
OK,M,1995,Darren,11
OK,M,1995,Deangelo,11
OK,M,1995,Dominic,11
OK,M,1995,Erik,11
OK,M,1995,Heath,11
OK,M,1995,Justice,11
OK,M,1995,Martin,11
OK,M,1995,Randall,11
OK,M,1995,Reed,11
OK,M,1995,Ruben,11
OK,M,1995,Sheldon,11
OK,M,1995,Toby,11
OK,M,1995,Trevon,11
OK,M,1995,Tylor,11
OK,M,1995,Angel,10
OK,M,1995,Armando,10
OK,M,1995,Branden,10
OK,M,1995,Caden,10
OK,M,1995,Calvin,10
OK,M,1995,Dale,10
OK,M,1995,Deandre,10
OK,M,1995,Gunner,10
OK,M,1995,Jamie,10
OK,M,1995,Jarrod,10
OK,M,1995,Javier,10
OK,M,1995,Jayson,10
OK,M,1995,Jordon,10
OK,M,1995,Marco,10
OK,M,1995,Montana,10
OK,M,1995,Nicolas,10
OK,M,1995,Raul,10
OK,M,1995,Roberto,10
OK,M,1995,Roy,10
OK,M,1995,Shaun,10
OK,M,1995,Tate,10
OK,M,1995,Tucker,10
OK,M,1995,Tyrone,10
OK,M,1995,Vincent,10
OK,M,1995,Wade,10
OK,M,1995,Brennan,9
OK,M,1995,Bret,9
OK,M,1995,Brice,9
OK,M,1995,Bruce,9
OK,M,1995,Craig,9
OK,M,1995,Cristian,9
OK,M,1995,Dane,9
OK,M,1995,Darion,9
OK,M,1995,Demetrius,9
OK,M,1995,Denver,9
OK,M,1995,Derick,9
OK,M,1995,Dillion,9
OK,M,1995,Dusty,9
OK,M,1995,Edgar,9
OK,M,1995,Enrique,9
OK,M,1995,Francisco,9
OK,M,1995,Holden,9
OK,M,1995,Houston,9
OK,M,1995,Israel,9
OK,M,1995,Jameson,9
OK,M,1995,Jay,9
OK,M,1995,Joey,9
OK,M,1995,Keegan,9
OK,M,1995,Lee,9
OK,M,1995,Malcolm,9
OK,M,1995,Orlando,9
OK,M,1995,Oscar,9
OK,M,1995,Ray,9
OK,M,1995,Reece,9
OK,M,1995,Ricardo,9
OK,M,1995,Talon,9
OK,M,1995,Tre,9
OK,M,1995,Tyson,9
OK,M,1995,Walker,9
OK,M,1995,Zachariah,9
OK,M,1995,Addison,8
OK,M,1995,Arthur,8
OK,M,1995,Brenden,8
OK,M,1995,Camden,8
OK,M,1995,Clarence,8
OK,M,1995,Dakoda,8
OK,M,1995,Denton,8
OK,M,1995,Eddie,8
OK,M,1995,Geoffrey,8
OK,M,1995,Ivan,8
OK,M,1995,Jarrett,8
OK,M,1995,Kaden,8
OK,M,1995,Keandre,8
OK,M,1995,Khalil,8
OK,M,1995,Lawrence,8
OK,M,1995,Marcos,8
OK,M,1995,Max,8
OK,M,1995,Nathanael,8
OK,M,1995,Quentin,8
OK,M,1995,Reid,8
OK,M,1995,River,8
OK,M,1995,Sam,8
OK,M,1995,Stetson,8
OK,M,1995,Tylar,8
OK,M,1995,Waylon,8
OK,M,1995,Willie,8
OK,M,1995,Abraham,7
OK,M,1995,Blaze,7
OK,M,1995,Cesar,7
OK,M,1995,Cheyenne,7
OK,M,1995,Clint,7
OK,M,1995,Coby,7
OK,M,1995,Damion,7
OK,M,1995,Dangelo,7
OK,M,1995,Dayton,7
OK,M,1995,Donavan,7
OK,M,1995,Draven,7
OK,M,1995,Eduardo,7
OK,M,1995,Erick,7
OK,M,1995,Forest,7
OK,M,1995,Gerald,7
OK,M,1995,Grayson,7
OK,M,1995,Haden,7
OK,M,1995,Jakob,7
OK,M,1995,Jamal,7
OK,M,1995,Jefferson,7
OK,M,1995,Jerrod,7
OK,M,1995,Jimmie,7
OK,M,1995,Justus,7
OK,M,1995,Karl,7
OK,M,1995,Keenan,7
OK,M,1995,Kellen,7
OK,M,1995,Kelton,7
OK,M,1995,Kerry,7
OK,M,1995,Kristian,7
OK,M,1995,Lincoln,7
OK,M,1995,Lloyd,7
OK,M,1995,Madison,7
OK,M,1995,Marc,7
OK,M,1995,Myles,7
OK,M,1995,Nolan,7
OK,M,1995,Quinten,7
OK,M,1995,Reagan,7
OK,M,1995,Rickey,7
OK,M,1995,Saul,7
OK,M,1995,Theodore,7
OK,M,1995,Tracy,7
OK,M,1995,Tye,7
OK,M,1995,Zechariah,7
OK,M,1995,Alfredo,6
OK,M,1995,Andres,6
OK,M,1995,Andy,6
OK,M,1995,Anton,6
OK,M,1995,Asa,6
OK,M,1995,Auston,6
OK,M,1995,Baylor,6
OK,M,1995,Braydon,6
OK,M,1995,Britton,6
OK,M,1995,Brooks,6
OK,M,1995,Camron,6
OK,M,1995,Dakotah,6
OK,M,1995,Darien,6
OK,M,1995,Darrin,6
OK,M,1995,Davonte,6
OK,M,1995,Deonte,6
OK,M,1995,Desmond,6
OK,M,1995,Dexter,6
OK,M,1995,Dion,6
OK,M,1995,Duncan,6
OK,M,1995,Isiah,6
OK,M,1995,Issac,6
OK,M,1995,Jarred,6
OK,M,1995,Jayden,6
OK,M,1995,Kale,6
OK,M,1995,Kelby,6
OK,M,1995,Kirk,6
OK,M,1995,Kory,6
OK,M,1995,Kurt,6
OK,M,1995,Layne,6
OK,M,1995,Maurice,6
OK,M,1995,Melvin,6
OK,M,1995,Montrell,6
OK,M,1995,Oliver,6
OK,M,1995,Peyton,6
OK,M,1995,Reese,6
OK,M,1995,Rhett,6
OK,M,1995,Robin,6
OK,M,1995,Ross,6
OK,M,1995,Salvador,6
OK,M,1995,Shannon,6
OK,M,1995,Skye,6
OK,M,1995,Stanley,6
OK,M,1995,Stephan,6
OK,M,1995,Stephon,6
OK,M,1995,Steve,6
OK,M,1995,Stoney,6
OK,M,1995,Tayler,6
OK,M,1995,Terrance,6
OK,M,1995,Trever,6
OK,M,1995,Aidan,5
OK,M,1995,Alexis,5
OK,M,1995,Aubrey,5
OK,M,1995,Barry,5
OK,M,1995,Blayne,5
OK,M,1995,Brenton,5
OK,M,1995,Cash,5
OK,M,1995,Charlie,5
OK,M,1995,Cortez,5
OK,M,1995,Courtney,5
OK,M,1995,Coy,5
OK,M,1995,Cullen,5
OK,M,1995,Dante,5
OK,M,1995,Devonte,5
OK,M,1995,Devyn,5
OK,M,1995,Dillan,5
OK,M,1995,Dominick,5
OK,M,1995,Donavon,5
OK,M,1995,Donnie,5
OK,M,1995,Donte,5
OK,M,1995,Dorian,5
OK,M,1995,Dwayne,5
OK,M,1995,Dylon,5
OK,M,1995,Edwin,5
OK,M,1995,Elias,5
OK,M,1995,Elisha,5
OK,M,1995,Emilio,5
OK,M,1995,Esteban,5
OK,M,1995,Eugene,5
OK,M,1995,Felix,5
OK,M,1995,Franklin,5
OK,M,1995,Garrison,5
OK,M,1995,Gerardo,5
OK,M,1995,Gideon,5
OK,M,1995,Glenn,5
OK,M,1995,Graham,5
OK,M,1995,Hector,5
OK,M,1995,Jaden,5
OK,M,1995,Jaren,5
OK,M,1995,Jaron,5
OK,M,1995,Johnnie,5
OK,M,1995,Kasey,5
OK,M,1995,Kelly,5
OK,M,1995,Kendrick,5
OK,M,1995,Konner,5
OK,M,1995,Leon,5
OK,M,1995,Liam,5
OK,M,1995,Louis,5
OK,M,1995,Malachi,5
OK,M,1995,Marquez,5
OK,M,1995,Maverick,5
OK,M,1995,Mikel,5
OK,M,1995,Mohammed,5
OK,M,1995,Nelson,5
OK,M,1995,Norman,5
OK,M,1995,Owen,5
OK,M,1995,Quincy,5
OK,M,1995,Roderick,5
OK,M,1995,Roger,5
OK,M,1995,Sergio,5
OK,M,1995,Sky,5
OK,M,1995,Stefan,5
OK,M,1995,Stewart,5
OK,M,1995,Terrell,5
OK,M,1995,Terrence,5
OK,M,1995,Trae,5
OK,M,1995,Tray,5
OK,M,1995,Trayvon,5
OK,M,1995,Tyrell,5
OK,M,1995,Warren,5
OK,M,1995,Wayne,5
OK,M,1995,Will,5
OK,M,1996,Tyler,419
OK,M,1996,Jacob,412
OK,M,1996,Michael,374
OK,M,1996,Austin,371
OK,M,1996,Joshua,371
OK,M,1996,Matthew,322
OK,M,1996,Christopher,319
OK,M,1996,Zachary,282
OK,M,1996,Brandon,271
OK,M,1996,James,262
OK,M,1996,William,250
OK,M,1996,Justin,246
OK,M,1996,Cody,242
OK,M,1996,Ryan,236
OK,M,1996,Nicholas,217
OK,M,1996,Andrew,214
OK,M,1996,Dakota,213
OK,M,1996,Jordan,202
OK,M,1996,David,200
OK,M,1996,Joseph,200
OK,M,1996,John,197
OK,M,1996,Caleb,194
OK,M,1996,Robert,192
OK,M,1996,Dylan,185
OK,M,1996,Jonathan,177
OK,M,1996,Kyle,176
OK,M,1996,Hunter,169
OK,M,1996,Daniel,168
OK,M,1996,Colton,163
OK,M,1996,Aaron,162
OK,M,1996,Blake,160
OK,M,1996,Samuel,155
OK,M,1996,Christian,153
OK,M,1996,Dalton,152
OK,M,1996,Logan,141
OK,M,1996,Alexander,136
OK,M,1996,Anthony,135
OK,M,1996,Tanner,128
OK,M,1996,Tristan,127
OK,M,1996,Thomas,123
OK,M,1996,Benjamin,121
OK,M,1996,Nathan,116
OK,M,1996,Jesse,111
OK,M,1996,Taylor,108
OK,M,1996,Ethan,107
OK,M,1996,Mason,106
OK,M,1996,Garrett,104
OK,M,1996,Chase,98
OK,M,1996,Devin,98
OK,M,1996,Dustin,98
OK,M,1996,Kevin,96
OK,M,1996,Adam,95
OK,M,1996,Cameron,94
OK,M,1996,Charles,93
OK,M,1996,Trevor,90
OK,M,1996,Eric,89
OK,M,1996,Jason,88
OK,M,1996,Steven,86
OK,M,1996,Stephen,82
OK,M,1996,Wyatt,82
OK,M,1996,Timothy,81
OK,M,1996,Dillon,80
OK,M,1996,Patrick,80
OK,M,1996,Chance,78
OK,M,1996,Noah,76
OK,M,1996,Connor,75
OK,M,1996,Jared,73
OK,M,1996,Richard,73
OK,M,1996,Seth,73
OK,M,1996,Jeremy,72
OK,M,1996,Braden,70
OK,M,1996,Jose,69
OK,M,1996,Elijah,68
OK,M,1996,Travis,67
OK,M,1996,Brian,64
OK,M,1996,Clayton,63
OK,M,1996,Luke,63
OK,M,1996,Jackson,60
OK,M,1996,Bryan,59
OK,M,1996,Bryce,59
OK,M,1996,Sean,59
OK,M,1996,Trenton,58
OK,M,1996,Cole,57
OK,M,1996,Alex,56
OK,M,1996,Bradley,56
OK,M,1996,Isaiah,56
OK,M,1996,Kaleb,56
OK,M,1996,Marcus,54
OK,M,1996,Nathaniel,54
OK,M,1996,Preston,54
OK,M,1996,Evan,53
OK,M,1996,Juan,52
OK,M,1996,Collin,51
OK,M,1996,Gabriel,50
OK,M,1996,Gage,50
OK,M,1996,Hayden,50
OK,M,1996,Isaac,49
OK,M,1996,Lane,49
OK,M,1996,Derek,48
OK,M,1996,Brett,47
OK,M,1996,Ian,47
OK,M,1996,Corey,46
OK,M,1996,Micah,46
OK,M,1996,Mitchell,45
OK,M,1996,Johnathan,44
OK,M,1996,Kenneth,44
OK,M,1996,Levi,44
OK,M,1996,Mark,44
OK,M,1996,Antonio,43
OK,M,1996,Colby,43
OK,M,1996,Devon,43
OK,M,1996,Jeffrey,43
OK,M,1996,Chandler,42
OK,M,1996,Jake,42
OK,M,1996,Landon,42
OK,M,1996,Shane,42
OK,M,1996,Shawn,41
OK,M,1996,Chad,39
OK,M,1996,Conner,39
OK,M,1996,Grant,39
OK,M,1996,Ty,38
OK,M,1996,Cory,37
OK,M,1996,Lucas,37
OK,M,1996,Trey,37
OK,M,1996,Joel,36
OK,M,1996,Riley,36
OK,M,1996,Spencer,36
OK,M,1996,Triston,36
OK,M,1996,Casey,35
OK,M,1996,Skyler,35
OK,M,1996,Alec,34
OK,M,1996,Bailey,34
OK,M,1996,Dallas,34
OK,M,1996,Scott,34
OK,M,1996,Adrian,32
OK,M,1996,Brady,32
OK,M,1996,Jack,32
OK,M,1996,Jeremiah,31
OK,M,1996,Luis,31
OK,M,1996,Malik,31
OK,M,1996,Wesley,31
OK,M,1996,Brayden,30
OK,M,1996,Paul,30
OK,M,1996,Phillip,30
OK,M,1996,Bobby,29
OK,M,1996,Gregory,29
OK,M,1996,Gavin,28
OK,M,1996,Kody,28
OK,M,1996,Tristen,28
OK,M,1996,Morgan,27
OK,M,1996,Colin,26
OK,M,1996,Troy,26
OK,M,1996,Victor,26
OK,M,1996,Zackary,26
OK,M,1996,Zane,26
OK,M,1996,George,25
OK,M,1996,Parker,25
OK,M,1996,Zachery,25
OK,M,1996,Carlos,24
OK,M,1996,Donald,24
OK,M,1996,Jesus,24
OK,M,1996,Johnny,24
OK,M,1996,Quinton,24
OK,M,1996,Randy,24
OK,M,1996,Carson,23
OK,M,1996,Derrick,23
OK,M,1996,Edward,23
OK,M,1996,Jimmy,23
OK,M,1996,Jonathon,23
OK,M,1996,Kolton,23
OK,M,1996,Lance,23
OK,M,1996,Billy,22
OK,M,1996,Corbin,22
OK,M,1996,Darren,22
OK,M,1996,Drake,22
OK,M,1996,Kaden,22
OK,M,1996,Keith,22
OK,M,1996,Raymond,22
OK,M,1996,Alejandro,21
OK,M,1996,Brent,21
OK,M,1996,Cooper,21
OK,M,1996,Gary,21
OK,M,1996,Miguel,21
OK,M,1996,Ronald,21
OK,M,1996,Terry,21
OK,M,1996,Drew,20
OK,M,1996,Harley,20
OK,M,1996,Kameron,20
OK,M,1996,Larry,20
OK,M,1996,Micheal,20
OK,M,1996,Tommy,20
OK,M,1996,Tucker,20
OK,M,1996,Calvin,19
OK,M,1996,Carter,19
OK,M,1996,Colten,19
OK,M,1996,Danny,19
OK,M,1996,Jerry,19
OK,M,1996,Mathew,19
OK,M,1996,Braxton,18
OK,M,1996,Damon,18
OK,M,1996,Johnathon,18
OK,M,1996,Justice,18
OK,M,1996,Kyler,18
OK,M,1996,Shelby,18
OK,M,1996,Tony,18
OK,M,1996,Ashton,17
OK,M,1996,Brendan,17
OK,M,1996,Donovan,17
OK,M,1996,Grayson,17
OK,M,1996,Israel,17
OK,M,1996,Jalen,17
OK,M,1996,Jon,17
OK,M,1996,Julian,17
OK,M,1996,Manuel,17
OK,M,1996,Ross,17
OK,M,1996,Skylar,17
OK,M,1996,Wade,17
OK,M,1996,Xavier,17
OK,M,1996,Andre,16
OK,M,1996,Curtis,16
OK,M,1996,Dennis,16
OK,M,1996,Josiah,16
OK,M,1996,Ronnie,16
OK,M,1996,Russell,16
OK,M,1996,Vincent,16
OK,M,1996,Darius,15
OK,M,1996,Joe,15
OK,M,1996,Keaton,15
OK,M,1996,Kristopher,15
OK,M,1996,Peter,15
OK,M,1996,Peyton,15
OK,M,1996,Randall,15
OK,M,1996,Ricky,15
OK,M,1996,Roberto,15
OK,M,1996,Zackery,15
OK,M,1996,Angel,14
OK,M,1996,Avery,14
OK,M,1996,Blaine,14
OK,M,1996,Douglas,14
OK,M,1996,Marshall,14
OK,M,1996,Sheldon,14
OK,M,1996,Alexis,13
OK,M,1996,Bryson,13
OK,M,1996,Dusty,13
OK,M,1996,Erik,13
OK,M,1996,Harrison,13
OK,M,1996,Isiah,13
OK,M,1996,Jace,13
OK,M,1996,Jeffery,13
OK,M,1996,Keenan,13
OK,M,1996,Nicolas,13
OK,M,1996,Philip,13
OK,M,1996,Weston,13
OK,M,1996,Beau,12
OK,M,1996,Brody,12
OK,M,1996,Cade,12
OK,M,1996,Darian,12
OK,M,1996,Dayton,12
OK,M,1996,Deandre,12
OK,M,1996,Eli,12
OK,M,1996,Heath,12
OK,M,1996,Henry,12
OK,M,1996,Ivan,12
OK,M,1996,Jarred,12
OK,M,1996,Javier,12
OK,M,1996,Kade,12
OK,M,1996,Keegan,12
OK,M,1996,Rhett,12
OK,M,1996,Sebastian,12
OK,M,1996,Trent,12
OK,M,1996,Allen,11
OK,M,1996,Branden,11
OK,M,1996,Dominique,11
OK,M,1996,Eduardo,11
OK,M,1996,Frank,11
OK,M,1996,Jaden,11
OK,M,1996,Jarrod,11
OK,M,1996,Jerrod,11
OK,M,1996,Joey,11
OK,M,1996,Kelly,11
OK,M,1996,Marco,11
OK,M,1996,Marcos,11
OK,M,1996,Nickolas,11
OK,M,1996,Nolan,11
OK,M,1996,Omar,11
OK,M,1996,Payton,11
OK,M,1996,Ricardo,11
OK,M,1996,Tevin,11
OK,M,1996,Tristin,11
OK,M,1996,Alan,10
OK,M,1996,Brendon,10
OK,M,1996,Brennan,10
OK,M,1996,Clay,10
OK,M,1996,Craig,10
OK,M,1996,Cristian,10
OK,M,1996,Dakotah,10
OK,M,1996,Dale,10
OK,M,1996,Darion,10
OK,M,1996,Devan,10
OK,M,1996,Easton,10
OK,M,1996,Edgar,10
OK,M,1996,Gunnar,10
OK,M,1996,Houston,10
OK,M,1996,Jaime,10
OK,M,1996,Jay,10
OK,M,1996,Jonah,10
OK,M,1996,Kelton,10
OK,M,1996,Layne,10
OK,M,1996,Mario,10
OK,M,1996,Sergio,10
OK,M,1996,Talon,10
OK,M,1996,Tristian,10
OK,M,1996,Tylor,10
OK,M,1996,Brenden,9
OK,M,1996,Brock,9
OK,M,1996,Bryant,9
OK,M,1996,Byron,9
OK,M,1996,Cale,9
OK,M,1996,Carl,9
OK,M,1996,Damian,9
OK,M,1996,Darrell,9
OK,M,1996,Deven,9
OK,M,1996,Duncan,9
OK,M,1996,Gerald,9
OK,M,1996,Jackie,9
OK,M,1996,Jessie,9
OK,M,1996,Lawrence,9
OK,M,1996,Mickey,9
OK,M,1996,Montana,9
OK,M,1996,Paden,9
OK,M,1996,Quentin,9
OK,M,1996,Roger,9
OK,M,1996,Todd,9
OK,M,1996,Trevon,9
OK,M,1996,Zachariah,9
OK,M,1996,Caden,8
OK,M,1996,Coleton,8
OK,M,1996,Colt,8
OK,M,1996,Deion,8
OK,M,1996,Dominic,8
OK,M,1996,Elias,8
OK,M,1996,Emilio,8
OK,M,1996,Emmanuel,8
OK,M,1996,Erick,8
OK,M,1996,Forrest,8
OK,M,1996,Garret,8
OK,M,1996,Greyson,8
OK,M,1996,Gunner,8
OK,M,1996,Holden,8
OK,M,1996,Hudson,8
OK,M,1996,Jess,8
OK,M,1996,Kendall,8
OK,M,1996,Malachi,8
OK,M,1996,Martin,8
OK,M,1996,Pedro,8
OK,M,1996,Rylan,8
OK,M,1996,Solomon,8
OK,M,1996,Stetson,8
OK,M,1996,Theodore,8
OK,M,1996,Trystan,8
OK,M,1996,Tyson,8
OK,M,1996,Walker,8
OK,M,1996,Aidan,7
OK,M,1996,Alfred,7
OK,M,1996,Aron,7
OK,M,1996,Braiden,7
OK,M,1996,Brooks,7
OK,M,1996,Bruce,7
OK,M,1996,Cedric,7
OK,M,1996,Cesar,7
OK,M,1996,Chace,7
OK,M,1996,Clarence,7
OK,M,1996,Clint,7
OK,M,1996,Clinton,7
OK,M,1996,Coby,7
OK,M,1996,Coleman,7
OK,M,1996,Damien,7
OK,M,1996,Daquan,7
OK,M,1996,Darrin,7
OK,M,1996,Daryl,7
OK,M,1996,Davis,7
OK,M,1996,Desmond,7
OK,M,1996,Dillion,7
OK,M,1996,Dominick,7
OK,M,1996,Dylon,7
OK,M,1996,Francisco,7
OK,M,1996,Jarrett,7
OK,M,1996,Jaylon,7
OK,M,1996,Jody,7
OK,M,1996,Josue,7
OK,M,1996,Julio,7
OK,M,1996,Justus,7
OK,M,1996,Kendrick,7
OK,M,1996,Kristian,7
OK,M,1996,Kurt,7
OK,M,1996,Lee,7
OK,M,1996,Leslie,7
OK,M,1996,Louis,7
OK,M,1996,Marquez,7
OK,M,1996,Quintin,7
OK,M,1996,Rodney,7
OK,M,1996,Roman,7
OK,M,1996,Sidney,7
OK,M,1996,Simon,7
OK,M,1996,Steve,7
OK,M,1996,Terrance,7
OK,M,1996,Terrell,7
OK,M,1996,Toby,7
OK,M,1996,Trace,7
OK,M,1996,Waylon,7
OK,M,1996,Zakary,7
OK,M,1996,Zechariah,7
OK,M,1996,Addison,6
OK,M,1996,Alfredo,6
OK,M,1996,Andres,6
OK,M,1996,Andy,6
OK,M,1996,Armando,6
OK,M,1996,Aubrey,6
OK,M,1996,Austen,6
OK,M,1996,Baylor,6
OK,M,1996,Blade,6
OK,M,1996,Brandan,6
OK,M,1996,Bret,6
OK,M,1996,Camron,6
OK,M,1996,Cayden,6
OK,M,1996,Cheyenne,6
OK,M,1996,Clifford,6
OK,M,1996,Dane,6
OK,M,1996,Darryl,6
OK,M,1996,Davion,6
OK,M,1996,Daylan,6
OK,M,1996,Dean,6
OK,M,1996,Deangelo,6
OK,M,1996,Demetrius,6
OK,M,1996,Dillan,6
OK,M,1996,Donnie,6
OK,M,1996,Eddie,6
OK,M,1996,Franklin,6
OK,M,1996,Javon,6
OK,M,1996,Jaylen,6
OK,M,1996,Jayson,6
OK,M,1996,Jett,6
OK,M,1996,Jimmie,6
OK,M,1996,Jonas,6
OK,M,1996,Jordon,6
OK,M,1996,Jorge,6
OK,M,1996,Kelby,6
OK,M,1996,Kolby,6
OK,M,1996,Kolten,6
OK,M,1996,Korey,6
OK,M,1996,Kory,6
OK,M,1996,Kristofer,6
OK,M,1996,Landen,6
OK,M,1996,Lloyd,6
OK,M,1996,Lorenzo,6
OK,M,1996,Max,6
OK,M,1996,Maxwell,6
OK,M,1996,Nikolas,6
OK,M,1996,Oscar,6
OK,M,1996,Phoenix,6
OK,M,1996,Reid,6
OK,M,1996,Rocky,6
OK,M,1996,Rodolfo,6
OK,M,1996,Rowdy,6
OK,M,1996,Salvador,6
OK,M,1996,Silas,6
OK,M,1996,Stefan,6
OK,M,1996,Tate,6
OK,M,1996,Travon,6
OK,M,1996,Uriah,6
OK,M,1996,Walter,6
OK,M,1996,Warren,6
OK,M,1996,Abel,5
OK,M,1996,Albert,5
OK,M,1996,Arthur,5
OK,M,1996,Bennett,5
OK,M,1996,Bo,5
OK,M,1996,Braeden,5
OK,M,1996,Brenton,5
OK,M,1996,Briar,5
OK,M,1996,Bryon,5
OK,M,1996,Bryton,5
OK,M,1996,Carlton,5
OK,M,1996,Chaz,5
OK,M,1996,Coltin,5
OK,M,1996,Cordell,5
OK,M,1996,Denton,5
OK,M,1996,Denver,5
OK,M,1996,Devante,5
OK,M,1996,Devonte,5
OK,M,1996,Dontae,5
OK,M,1996,Edwin,5
OK,M,1996,Elisha,5
OK,M,1996,Ernesto,5
OK,M,1996,Everett,5
OK,M,1996,Ezekiel,5
OK,M,1996,Fernando,5
OK,M,1996,Fredrick,5
OK,M,1996,Gerardo,5
OK,M,1996,Glenn,5
OK,M,1996,Haden,5
OK,M,1996,Jade,5
OK,M,1996,Jakob,5
OK,M,1996,Jamal,5
OK,M,1996,Josh,5
OK,M,1996,Julius,5
OK,M,1996,Kale,5
OK,M,1996,Kane,5
OK,M,1996,Kenny,5
OK,M,1996,Leo,5
OK,M,1996,London,5
OK,M,1996,Lukas,5
OK,M,1996,Malcolm,5
OK,M,1996,Maverick,5
OK,M,1996,Miles,5
OK,M,1996,Orlando,5
OK,M,1996,Ramon,5
OK,M,1996,Raul,5
OK,M,1996,Reece,5
OK,M,1996,Reese,5
OK,M,1996,Reginald,5
OK,M,1996,Rex,5
OK,M,1996,Roy,5
OK,M,1996,Ruben,5
OK,M,1996,Ryne,5
OK,M,1996,Shaun,5
OK,M,1996,Stanley,5
OK,M,1996,Theron,5
OK,M,1996,Trever,5
OK,M,1996,Trevin,5
OK,M,1996,Tyrell,5
OK,M,1997,Jacob,521
OK,M,1997,Tyler,396
OK,M,1997,Austin,380
OK,M,1997,Joshua,366
OK,M,1997,Michael,365
OK,M,1997,Christopher,330
OK,M,1997,Matthew,316
OK,M,1997,Zachary,292
OK,M,1997,Brandon,290
OK,M,1997,Andrew,269
OK,M,1997,William,260
OK,M,1997,David,244
OK,M,1997,James,242
OK,M,1997,Ryan,225
OK,M,1997,Dakota,207
OK,M,1997,Caleb,206
OK,M,1997,Jordan,205
OK,M,1997,John,204
OK,M,1997,Daniel,199
OK,M,1997,Nicholas,199
OK,M,1997,Dylan,198
OK,M,1997,Logan,198
OK,M,1997,Justin,196
OK,M,1997,Dalton,189
OK,M,1997,Christian,187
OK,M,1997,Cody,186
OK,M,1997,Jonathan,186
OK,M,1997,Joseph,186
OK,M,1997,Hunter,185
OK,M,1997,Kyle,180
OK,M,1997,Robert,173
OK,M,1997,Samuel,168
OK,M,1997,Alexander,143
OK,M,1997,Colton,140
OK,M,1997,Nathan,137
OK,M,1997,Blake,135
OK,M,1997,Ethan,131
OK,M,1997,Anthony,129
OK,M,1997,Chase,129
OK,M,1997,Tanner,129
OK,M,1997,Thomas,127
OK,M,1997,Aaron,126
OK,M,1997,Benjamin,122
OK,M,1997,Garrett,119
OK,M,1997,Noah,106
OK,M,1997,Timothy,103
OK,M,1997,Mason,102
OK,M,1997,Seth,100
OK,M,1997,Jason,96
OK,M,1997,Kevin,96
OK,M,1997,Charles,92
OK,M,1997,Tristan,92
OK,M,1997,Eric,90
OK,M,1997,Trevor,90
OK,M,1997,Cameron,87
OK,M,1997,Steven,87
OK,M,1997,Devin,85
OK,M,1997,Dillon,85
OK,M,1997,Dustin,85
OK,M,1997,Taylor,84
OK,M,1997,Jesse,83
OK,M,1997,Hayden,80
OK,M,1997,Bryce,78
OK,M,1997,Chance,78
OK,M,1997,Connor,78
OK,M,1997,Braden,77
OK,M,1997,Nathaniel,77
OK,M,1997,Isaiah,74
OK,M,1997,Jose,74
OK,M,1997,Wyatt,72
OK,M,1997,Brian,71
OK,M,1997,Richard,71
OK,M,1997,Bradley,70
OK,M,1997,Cole,70
OK,M,1997,Sean,69
OK,M,1997,Stephen,69
OK,M,1997,Elijah,68
OK,M,1997,Patrick,68
OK,M,1997,Travis,68
OK,M,1997,Jared,67
OK,M,1997,Jeremy,67
OK,M,1997,Adam,66
OK,M,1997,Trenton,64
OK,M,1997,Jackson,62
OK,M,1997,Levi,62
OK,M,1997,Landon,61
OK,M,1997,Isaac,59
OK,M,1997,Gabriel,58
OK,M,1997,Alex,57
OK,M,1997,Jack,56
OK,M,1997,Bailey,55
OK,M,1997,Mark,55
OK,M,1997,Bryan,54
OK,M,1997,Preston,53
OK,M,1997,Devon,51
OK,M,1997,Gavin,51
OK,M,1997,Grant,51
OK,M,1997,Luke,51
OK,M,1997,Riley,51
OK,M,1997,Spencer,50
OK,M,1997,Chandler,49
OK,M,1997,Conner,49
OK,M,1997,Gage,49
OK,M,1997,Lane,48
OK,M,1997,Kaleb,47
OK,M,1997,Shane,47
OK,M,1997,Brett,46
OK,M,1997,Clayton,46
OK,M,1997,Kenneth,46
OK,M,1997,Brayden,45
OK,M,1997,Jeffrey,45
OK,M,1997,Marcus,45
OK,M,1997,Parker,45
OK,M,1997,Corey,44
OK,M,1997,Ian,43
OK,M,1997,Micah,43
OK,M,1997,Antonio,41
OK,M,1997,Jeremiah,41
OK,M,1997,Juan,41
OK,M,1997,Casey,40
OK,M,1997,Shawn,40
OK,M,1997,Brady,39
OK,M,1997,Derek,39
OK,M,1997,Wesley,39
OK,M,1997,Adrian,38
OK,M,1997,Collin,38
OK,M,1997,Cory,38
OK,M,1997,Johnathan,38
OK,M,1997,Jake,37
OK,M,1997,Trey,37
OK,M,1997,Ty,37
OK,M,1997,Lucas,36
OK,M,1997,Evan,35
OK,M,1997,Ashton,34
OK,M,1997,Gregory,34
OK,M,1997,Mitchell,34
OK,M,1997,George,33
OK,M,1997,Luis,33
OK,M,1997,Paul,33
OK,M,1997,Zane,33
OK,M,1997,Alec,32
OK,M,1997,Carlos,32
OK,M,1997,Dallas,32
OK,M,1997,Bobby,31
OK,M,1997,Brendan,31
OK,M,1997,Brock,31
OK,M,1997,Victor,31
OK,M,1997,Colby,30
OK,M,1997,Malik,29
OK,M,1997,Skyler,29
OK,M,1997,Braxton,28
OK,M,1997,Josiah,28
OK,M,1997,Keaton,28
OK,M,1997,Kody,28
OK,M,1997,Phillip,28
OK,M,1997,Trace,28
OK,M,1997,Alan,27
OK,M,1997,Drew,27
OK,M,1997,Trent,27
OK,M,1997,Tristen,27
OK,M,1997,Harrison,26
OK,M,1997,Jonathon,26
OK,M,1997,Kyler,26
OK,M,1997,Triston,26
OK,M,1997,Drake,25
OK,M,1997,Zackary,25
OK,M,1997,Chad,24
OK,M,1997,Donald,24
OK,M,1997,Joel,24
OK,M,1997,Jorge,24
OK,M,1997,Larry,24
OK,M,1997,Nickolas,24
OK,M,1997,Zackery,24
OK,M,1997,Angel,23
OK,M,1997,Brenden,23
OK,M,1997,Brent,23
OK,M,1997,Carter,23
OK,M,1997,Colin,23
OK,M,1997,Cooper,23
OK,M,1997,Derrick,23
OK,M,1997,Jesus,23
OK,M,1997,Jimmy,23
OK,M,1997,Jonah,23
OK,M,1997,Morgan,23
OK,M,1997,Tony,23
OK,M,1997,Billy,22
OK,M,1997,Carson,22
OK,M,1997,Curtis,22
OK,M,1997,Edward,22
OK,M,1997,Jace,22
OK,M,1997,Lance,22
OK,M,1997,Micheal,22
OK,M,1997,Nicolas,22
OK,M,1997,Peyton,22
OK,M,1997,Scott,22
OK,M,1997,Damian,21
OK,M,1997,Julian,21
OK,M,1997,Quinton,21
OK,M,1997,Bryson,20
OK,M,1997,Erik,20
OK,M,1997,Jeffery,20
OK,M,1997,Jerry,20
OK,M,1997,Johnny,20
OK,M,1997,Keith,20
OK,M,1997,Randy,20
OK,M,1997,Tommy,20
OK,M,1997,Vincent,20
OK,M,1997,Brendon,19
OK,M,1997,Corbin,19
OK,M,1997,Danny,19
OK,M,1997,Jakob,19
OK,M,1997,Justice,19
OK,M,1997,Mathew,19
OK,M,1997,Raymond,19
OK,M,1997,Brody,18
OK,M,1997,Colten,18
OK,M,1997,Dominic,18
OK,M,1997,Peter,18
OK,M,1997,Ricardo,18
OK,M,1997,Ronald,18
OK,M,1997,Troy,18
OK,M,1997,Zachery,18
OK,M,1997,Cade,17
OK,M,1997,Damon,17
OK,M,1997,Miguel,17
OK,M,1997,Payton,17
OK,M,1997,Terry,17
OK,M,1997,Alejandro,16
OK,M,1997,Allen,16
OK,M,1997,Clay,16
OK,M,1997,Darius,16
OK,M,1997,Francisco,16
OK,M,1997,Henry,16
OK,M,1997,Zachariah,16
OK,M,1997,Calvin,15
OK,M,1997,Cristian,15
OK,M,1997,Holden,15
OK,M,1997,Jarrod,15
OK,M,1997,Jay,15
OK,M,1997,Jessie,15
OK,M,1997,Johnathon,15
OK,M,1997,Kameron,15
OK,M,1997,Manuel,15
OK,M,1997,Marvin,15
OK,M,1997,Max,15
OK,M,1997,Ricky,15
OK,M,1997,Sergio,15
OK,M,1997,Wade,15
OK,M,1997,Weston,15
OK,M,1997,Bryant,14
OK,M,1997,Clinton,14
OK,M,1997,Dante,14
OK,M,1997,Garret,14
OK,M,1997,Grayson,14
OK,M,1997,Harley,14
OK,M,1997,Jamie,14
OK,M,1997,Jarred,14
OK,M,1997,Joe,14
OK,M,1997,Kade,14
OK,M,1997,Marshall,14
OK,M,1997,Martin,14
OK,M,1997,Ross,14
OK,M,1997,Russell,14
OK,M,1997,Trevon,14
OK,M,1997,Xavier,14
OK,M,1997,Blaine,13
OK,M,1997,Desmond,13
OK,M,1997,Devyn,13
OK,M,1997,Douglas,13
OK,M,1997,Gary,13
OK,M,1997,Jarod,13
OK,M,1997,Keegan,13
OK,M,1997,Kobe,13
OK,M,1997,Kristopher,13
OK,M,1997,Liam,13
OK,M,1997,Malachi,13
OK,M,1997,Nathanial,13
OK,M,1997,Quentin,13
OK,M,1997,Roy,13
OK,M,1997,Ruben,13
OK,M,1997,Solomon,13
OK,M,1997,Tucker,13
OK,M,1997,Albert,12
OK,M,1997,Carl,12
OK,M,1997,Darren,12
OK,M,1997,Dayton,12
OK,M,1997,Edgar,12
OK,M,1997,Griffin,12
OK,M,1997,Jerome,12
OK,M,1997,Kaden,12
OK,M,1997,Kolton,12
OK,M,1997,Nolan,12
OK,M,1997,Reed,12
OK,M,1997,Rhett,12
OK,M,1997,River,12
OK,M,1997,Rodney,12
OK,M,1997,Skylar,12
OK,M,1997,Walker,12
OK,M,1997,Cesar,11
OK,M,1997,Coleman,11
OK,M,1997,Cordell,11
OK,M,1997,Dennis,11
OK,M,1997,Donovan,11
OK,M,1997,Eduardo,11
OK,M,1997,Emmanuel,11
OK,M,1997,Gunner,11
OK,M,1997,Heath,11
OK,M,1997,Jon,11
OK,M,1997,Marco,11
OK,M,1997,Mario,11
OK,M,1997,Maxwell,11
OK,M,1997,Randall,11
OK,M,1997,Roberto,11
OK,M,1997,Ronnie,11
OK,M,1997,Shelby,11
OK,M,1997,Andre,10
OK,M,1997,Avery,10
OK,M,1997,Beau,10
OK,M,1997,Braeden,10
OK,M,1997,Braydon,10
OK,M,1997,Cheyenne,10
OK,M,1997,Deandre,10
OK,M,1997,Dominique,10
OK,M,1997,Eli,10
OK,M,1997,Enrique,10
OK,M,1997,Ezekiel,10
OK,M,1997,Hector,10
OK,M,1997,Jaden,10
OK,M,1997,Javier,10
OK,M,1997,Kendall,10
OK,M,1997,Omar,10
OK,M,1997,Oscar,10
OK,M,1997,Perry,10
OK,M,1997,Philip,10
OK,M,1997,Sterling,10
OK,M,1997,Talon,10
OK,M,1997,Terrell,10
OK,M,1997,Todd,10
OK,M,1997,Wayne,10
OK,M,1997,Abel,9
OK,M,1997,Baylor,9
OK,M,1997,Brooks,9
OK,M,1997,Bruce,9
OK,M,1997,Craig,9
OK,M,1997,Devan,9
OK,M,1997,Dillion,9
OK,M,1997,Duncan,9
OK,M,1997,Dusty,9
OK,M,1997,Eddie,9
OK,M,1997,Forrest,9
OK,M,1997,Frank,9
OK,M,1997,Frederick,9
OK,M,1997,Ivan,9
OK,M,1997,Jaime,9
OK,M,1997,Jarrett,9
OK,M,1997,Jayden,9
OK,M,1997,Landen,9
OK,M,1997,Lee,9
OK,M,1997,Lorenzo,9
OK,M,1997,Montana,9
OK,M,1997,Rylan,9
OK,M,1997,Sheldon,9
OK,M,1997,Terrance,9
OK,M,1997,Toby,9
OK,M,1997,Tristin,9
OK,M,1997,Tyrone,9
OK,M,1997,Tyson,9
OK,M,1997,Abraham,8
OK,M,1997,Andres,8
OK,M,1997,Armando,8
OK,M,1997,Austen,8
OK,M,1997,Bradly,8
OK,M,1997,Brennan,8
OK,M,1997,Caden,8
OK,M,1997,Cale,8
OK,M,1997,Darion,8
OK,M,1997,Denver,8
OK,M,1997,Diego,8
OK,M,1997,Dylon,8
OK,M,1997,Easton,8
OK,M,1997,Fernando,8
OK,M,1997,Isiah,8
OK,M,1997,Israel,8
OK,M,1997,Jadon,8
OK,M,1997,Jaxon,8
OK,M,1997,Jimmie,8
OK,M,1997,Jordon,8
OK,M,1997,Justus,8
OK,M,1997,Keenan,8
OK,M,1997,Kolby,8
OK,M,1997,Marc,8
OK,M,1997,Miles,8
OK,M,1997,Nathanael,8
OK,M,1997,Pedro,8
OK,M,1997,Ramon,8
OK,M,1997,Stone,8
OK,M,1997,Tylor,8
OK,M,1997,Waylon,8
OK,M,1997,Addison,7
OK,M,1997,Aidan,7
OK,M,1997,Baylee,7
OK,M,1997,Bradyn,7
OK,M,1997,Brennen,7
OK,M,1997,Brice,7
OK,M,1997,Byron,7
OK,M,1997,Coleton,7
OK,M,1997,Damien,7
OK,M,1997,Darrell,7
OK,M,1997,Devonte,7
OK,M,1997,Dexter,7
OK,M,1997,Dillan,7
OK,M,1997,Dorian,7
OK,M,1997,Elisha,7
OK,M,1997,Geoffrey,7
OK,M,1997,Gerardo,7
OK,M,1997,Gunnar,7
OK,M,1997,Jackie,7
OK,M,1997,Jalen,7
OK,M,1997,Jaron,7
OK,M,1997,Jase,7
OK,M,1997,Jayce,7
OK,M,1997,Joey,7
OK,M,1997,Kasey,7
OK,M,1997,Korey,7
OK,M,1997,Kory,7
OK,M,1997,Kristian,7
OK,M,1997,Marquise,7
OK,M,1997,Mickey,7
OK,M,1997,Myles,7
OK,M,1997,Raul,7
OK,M,1997,Reece,7
OK,M,1997,Roger,7
OK,M,1997,Roman,7
OK,M,1997,Sage,7
OK,M,1997,Shaun,7
OK,M,1997,Turner,7
OK,M,1997,Tyrell,7
OK,M,1997,Alberto,6
OK,M,1997,Alexis,6
OK,M,1997,Alvin,6
OK,M,1997,Arron,6
OK,M,1997,Aubrey,6
OK,M,1997,Benny,6
OK,M,1997,Brad,6
OK,M,1997,Camron,6
OK,M,1997,Cedric,6
OK,M,1997,Colt,6
OK,M,1997,Courtland,6
OK,M,1997,Dale,6
OK,M,1997,Daquan,6
OK,M,1997,Davis,6
OK,M,1997,Daylon,6
OK,M,1997,Demarco,6
OK,M,1997,Derick,6
OK,M,1997,Deshaun,6
OK,M,1997,Dominick,6
OK,M,1997,Draven,6
OK,M,1997,Edwin,6
OK,M,1997,Erick,6
OK,M,1997,Eugene,6
OK,M,1997,Gerald,6
OK,M,1997,Guy,6
OK,M,1997,Haden,6
OK,M,1997,Hudson,6
OK,M,1997,Jaylon,6
OK,M,1997,Jerrod,6
OK,M,1997,Jonas,6
OK,M,1997,Julius,6
OK,M,1997,Karl,6
OK,M,1997,Keenen,6
OK,M,1997,Kelby,6
OK,M,1997,Kellen,6
OK,M,1997,Kerry,6
OK,M,1997,Kolten,6
OK,M,1997,Korbin,6
OK,M,1997,Lawrence,6
OK,M,1997,Layne,6
OK,M,1997,Layton,6
OK,M,1997,Leland,6
OK,M,1997,Leo,6
OK,M,1997,Leonard,6
OK,M,1997,Louis,6
OK,M,1997,Marcos,6
OK,M,1997,Marquis,6
OK,M,1997,Maverick,6
OK,M,1997,Nikolas,6
OK,M,1997,Pierce,6
OK,M,1997,Rickey,6
OK,M,1997,Rocky,6
OK,M,1997,Rowdy,6
OK,M,1997,Sawyer,6
OK,M,1997,Sebastian,6
OK,M,1997,Shannon,6
OK,M,1997,Shelton,6
OK,M,1997,Stetson,6
OK,M,1997,Tre,6
OK,M,1997,Trenten,6
OK,M,1997,Treston,6
OK,M,1997,Trevin,6
OK,M,1997,Tyree,6
OK,M,1997,Warren,6
OK,M,1997,Zakary,6
OK,M,1997,Andy,5
OK,M,1997,Asa,5
OK,M,1997,Asher,5
OK,M,1997,Barrett,5
OK,M,1997,Ben,5
OK,M,1997,Blayne,5
OK,M,1997,Bradon,5
OK,M,1997,Branson,5
OK,M,1997,Chaz,5
OK,M,1997,Clint,5
OK,M,1997,Conrad,5
OK,M,1997,Cullen,5
OK,M,1997,Dakoda,5
OK,M,1997,Dakotah,5
OK,M,1997,Damion,5
OK,M,1997,Dangelo,5
OK,M,1997,Darin,5
OK,M,1997,Darrian,5
OK,M,1997,Darrin,5
OK,M,1997,Deangelo,5
OK,M,1997,Deante,5
OK,M,1997,Denton,5
OK,M,1997,Deon,5
OK,M,1997,Destin,5
OK,M,1997,Don,5
OK,M,1997,Donnie,5
OK,M,1997,Donte,5
OK,M,1997,Dwayne,5
OK,M,1997,Elliot,5
OK,M,1997,Emanuel,5
OK,M,1997,Ernesto,5
OK,M,1997,Franklin,5
OK,M,1997,Gavyn,5
OK,M,1997,Guadalupe,5
OK,M,1997,Houston,5
OK,M,1997,Jayson,5
OK,M,1997,Jericho,5
OK,M,1997,Julio,5
OK,M,1997,Kale,5
OK,M,1997,Keifer,5
OK,M,1997,Kelvin,5
OK,M,1997,Kenny,5
OK,M,1997,Kurtis,5
OK,M,1997,Leighton,5
OK,M,1997,Lewis,5
OK,M,1997,Marquez,5
OK,M,1997,Maurice,5
OK,M,1997,Melvin,5
OK,M,1997,Mikal,5
OK,M,1997,Mikel,5
OK,M,1997,Moises,5
OK,M,1997,Paxton,5
OK,M,1997,Ramiro,5
OK,M,1997,Ray,5
OK,M,1997,Sidney,5
OK,M,1997,Silas,5
OK,M,1997,Terrence,5
OK,M,1997,Tevin,5
OK,M,1997,Tracy,5
OK,M,1997,Tristian,5
OK,M,1997,Tyrus,5
OK,M,1997,Vernon,5
OK,M,1997,Willie,5
OK,M,1997,Zechariah,5
OK,M,1998,Jacob,486
OK,M,1998,Austin,406
OK,M,1998,Joshua,373
OK,M,1998,Tyler,369
OK,M,1998,Michael,368
OK,M,1998,Matthew,322
OK,M,1998,Zachary,300
OK,M,1998,Christopher,295
OK,M,1998,William,278
OK,M,1998,James,267
OK,M,1998,Brandon,257
OK,M,1998,Caleb,243
OK,M,1998,Ryan,237
OK,M,1998,Dylan,235
OK,M,1998,Hunter,227
OK,M,1998,Joseph,224
OK,M,1998,David,220
OK,M,1998,Andrew,212
OK,M,1998,Ethan,202
OK,M,1998,Nicholas,201
OK,M,1998,John,199
OK,M,1998,Christian,198
OK,M,1998,Cody,197
OK,M,1998,Jordan,195
OK,M,1998,Daniel,187
OK,M,1998,Kyle,187
OK,M,1998,Justin,175
OK,M,1998,Dakota,174
OK,M,1998,Noah,174
OK,M,1998,Jonathan,172
OK,M,1998,Robert,171
OK,M,1998,Logan,170
OK,M,1998,Dalton,168
OK,M,1998,Cameron,153
OK,M,1998,Nathan,146
OK,M,1998,Alexander,145
OK,M,1998,Samuel,144
OK,M,1998,Tanner,140
OK,M,1998,Aaron,135
OK,M,1998,Colton,132
OK,M,1998,Thomas,122
OK,M,1998,Anthony,121
OK,M,1998,Blake,121
OK,M,1998,Benjamin,118
OK,M,1998,Garrett,109
OK,M,1998,Trevor,104
OK,M,1998,Charles,103
OK,M,1998,Chase,102
OK,M,1998,Connor,100
OK,M,1998,Seth,97
OK,M,1998,Steven,96
OK,M,1998,Kevin,90
OK,M,1998,Mason,88
OK,M,1998,Jason,87
OK,M,1998,Jesse,87
OK,M,1998,Braden,83
OK,M,1998,Cole,83
OK,M,1998,Nathaniel,83
OK,M,1998,Bryce,81
OK,M,1998,Taylor,81
OK,M,1998,Devin,80
OK,M,1998,Isaiah,77
OK,M,1998,Dillon,75
OK,M,1998,Eric,73
OK,M,1998,Sean,73
OK,M,1998,Timothy,73
OK,M,1998,Brian,72
OK,M,1998,Gabriel,71
OK,M,1998,Jared,71
OK,M,1998,Chance,70
OK,M,1998,Elijah,70
OK,M,1998,Tristan,70
OK,M,1998,Kaleb,69
OK,M,1998,Riley,67
OK,M,1998,Stephen,67
OK,M,1998,Alex,66
OK,M,1998,Isaac,66
OK,M,1998,Adam,65
OK,M,1998,Gage,65
OK,M,1998,Jose,65
OK,M,1998,Parker,65
OK,M,1998,Wyatt,65
OK,M,1998,Juan,64
OK,M,1998,Patrick,63
OK,M,1998,Richard,63
OK,M,1998,Trenton,63
OK,M,1998,Brayden,62
OK,M,1998,Dawson,62
OK,M,1998,Dustin,62
OK,M,1998,Clayton,60
OK,M,1998,Jeremiah,59
OK,M,1998,Levi,59
OK,M,1998,Luke,58
OK,M,1998,Bradley,57
OK,M,1998,Jeffrey,57
OK,M,1998,Jeremy,57
OK,M,1998,Gavin,56
OK,M,1998,Kenneth,56
OK,M,1998,Jackson,55
OK,M,1998,Jake,55
OK,M,1998,Grant,54
OK,M,1998,Brady,53
OK,M,1998,Adrian,52
OK,M,1998,Bailey,52
OK,M,1998,Brett,52
OK,M,1998,Corey,52
OK,M,1998,Devon,51
OK,M,1998,Hayden,51
OK,M,1998,Marcus,50
OK,M,1998,Trey,50
OK,M,1998,Evan,49
OK,M,1998,Landon,49
OK,M,1998,Bryan,48
OK,M,1998,Travis,48
OK,M,1998,Chandler,47
OK,M,1998,Shawn,47
OK,M,1998,Johnathan,46
OK,M,1998,Ty,45
OK,M,1998,Conner,44
OK,M,1998,Derek,43
OK,M,1998,Ian,43
OK,M,1998,Lane,43
OK,M,1998,Billy,42
OK,M,1998,Micah,42
OK,M,1998,Spencer,42
OK,M,1998,Zane,42
OK,M,1998,Antonio,41
OK,M,1998,Paul,41
OK,M,1998,Wesley,41
OK,M,1998,Collin,40
OK,M,1998,Luis,40
OK,M,1998,Carson,39
OK,M,1998,Xavier,39
OK,M,1998,Brendan,38
OK,M,1998,Gregory,38
OK,M,1998,Cooper,37
OK,M,1998,Preston,37
OK,M,1998,Jakob,36
OK,M,1998,Shane,36
OK,M,1998,Jack,35
OK,M,1998,Lucas,34
OK,M,1998,Tristen,34
OK,M,1998,Mark,33
OK,M,1998,Alec,32
OK,M,1998,Cory,32
OK,M,1998,Jesus,32
OK,M,1998,Jonathon,32
OK,M,1998,Kobe,32
OK,M,1998,Derrick,31
OK,M,1998,Jarrett,31
OK,M,1998,Mitchell,31
OK,M,1998,Casey,30
OK,M,1998,Colby,30
OK,M,1998,Corbin,30
OK,M,1998,Harrison,30
OK,M,1998,Keith,30
OK,M,1998,Jerry,29
OK,M,1998,Troy,29
OK,M,1998,Zackary,29
OK,M,1998,Drake,28
OK,M,1998,Kristopher,28
OK,M,1998,Kyler,28
OK,M,1998,Quinton,28
OK,M,1998,Skyler,28
OK,M,1998,Dallas,27
OK,M,1998,Darius,27
OK,M,1998,Donovan,27
OK,M,1998,Jace,27
OK,M,1998,Miguel,27
OK,M,1998,Carlos,26
OK,M,1998,Curtis,26
OK,M,1998,Peyton,26
OK,M,1998,Victor,26
OK,M,1998,Zachery,26
OK,M,1998,Brock,25
OK,M,1998,Cade,25
OK,M,1998,Chad,25
OK,M,1998,Josiah,25
OK,M,1998,Phillip,25
OK,M,1998,Tucker,25
OK,M,1998,Bobby,24
OK,M,1998,Bryson,24
OK,M,1998,Edward,24
OK,M,1998,Joel,24
OK,M,1998,Johnny,24
OK,M,1998,Kameron,24
OK,M,1998,Nicolas,24
OK,M,1998,Ashton,23
OK,M,1998,Colten,23
OK,M,1998,Payton,23
OK,M,1998,Raymond,23
OK,M,1998,Jaden,22
OK,M,1998,Kolton,22
OK,M,1998,Nolan,22
OK,M,1998,Skylar,22
OK,M,1998,Brenden,21
OK,M,1998,Brent,21
OK,M,1998,Donald,21
OK,M,1998,Joe,21
OK,M,1998,Julian,21
OK,M,1998,Keaton,21
OK,M,1998,Triston,21
OK,M,1998,Angel,20
OK,M,1998,Cristian,20
OK,M,1998,Edgar,20
OK,M,1998,Jimmy,20
OK,M,1998,Mathew,20
OK,M,1998,Micheal,20
OK,M,1998,Scott,20
OK,M,1998,Alejandro,19
OK,M,1998,Cale,19
OK,M,1998,Carter,19
OK,M,1998,Damon,19
OK,M,1998,Gary,19
OK,M,1998,Gunner,19
OK,M,1998,Jeffery,19
OK,M,1998,Johnathon,19
OK,M,1998,Kody,19
OK,M,1998,Nickolas,19
OK,M,1998,Rodney,19
OK,M,1998,Ronald,19
OK,M,1998,Trent,19
OK,M,1998,Tyson,19
OK,M,1998,Brody,18
OK,M,1998,Drew,18
OK,M,1998,George,18
OK,M,1998,Harley,18
OK,M,1998,Jalen,18
OK,M,1998,Jorge,18
OK,M,1998,Mario,18
OK,M,1998,Ricardo,18
OK,M,1998,Ricky,18
OK,M,1998,Blaine,17
OK,M,1998,Clay,17
OK,M,1998,Colin,17
OK,M,1998,Dayton,17
OK,M,1998,Dominic,17
OK,M,1998,Eli,17
OK,M,1998,Kade,17
OK,M,1998,Manuel,17
OK,M,1998,Morgan,17
OK,M,1998,Erik,16
OK,M,1998,Keegan,16
OK,M,1998,Larry,16
OK,M,1998,Liam,16
OK,M,1998,Malik,16
OK,M,1998,Rowdy,16
OK,M,1998,Terry,16
OK,M,1998,Tommy,16
OK,M,1998,Vincent,16
OK,M,1998,Walker,16
OK,M,1998,Alexis,15
OK,M,1998,Braxton,15
OK,M,1998,Brendon,15
OK,M,1998,Calvin,15
OK,M,1998,Carl,15
OK,M,1998,Damien,15
OK,M,1998,Israel,15
OK,M,1998,Justice,15
OK,M,1998,Kaden,15
OK,M,1998,Kane,15
OK,M,1998,Peter,15
OK,M,1998,Terrance,15
OK,M,1998,Tony,15
OK,M,1998,Alan,14
OK,M,1998,Avery,14
OK,M,1998,Dante,14
OK,M,1998,Desmond,14
OK,M,1998,Frank,14
OK,M,1998,Grayson,14
OK,M,1998,Henry,14
OK,M,1998,Holden,14
OK,M,1998,Marshall,14
OK,M,1998,Russell,14
OK,M,1998,Sergio,14
OK,M,1998,Allen,13
OK,M,1998,Andre,13
OK,M,1998,Braeden,13
OK,M,1998,Bryant,13
OK,M,1998,Caden,13
OK,M,1998,Coby,13
OK,M,1998,Danny,13
OK,M,1998,Erick,13
OK,M,1998,Francisco,13
OK,M,1998,Garret,13
OK,M,1998,Jarod,13
OK,M,1998,Jarrod,13
OK,M,1998,Jessie,13
OK,M,1998,Maxwell,13
OK,M,1998,Montana,13
OK,M,1998,Philip,13
OK,M,1998,Roy,13
OK,M,1998,Talon,13
OK,M,1998,Wade,13
OK,M,1998,Bo,12
OK,M,1998,Brennan,12
OK,M,1998,Easton,12
OK,M,1998,Eduardo,12
OK,M,1998,Jay,12
OK,M,1998,Kale,12
OK,M,1998,Kendall,12
OK,M,1998,Lance,12
OK,M,1998,Malachi,12
OK,M,1998,Marco,12
OK,M,1998,Marcos,12
OK,M,1998,Miles,12
OK,M,1998,Randall,12
OK,M,1998,Randy,12
OK,M,1998,Ruben,12
OK,M,1998,Stetson,12
OK,M,1998,Trace,12
OK,M,1998,Trevon,12
OK,M,1998,Weston,12
OK,M,1998,Zackery,12
OK,M,1998,Addison,11
OK,M,1998,Aidan,11
OK,M,1998,Cesar,11
OK,M,1998,Clinton,11
OK,M,1998,Colt,11
OK,M,1998,Darian,11
OK,M,1998,Houston,11
OK,M,1998,Ivan,11
OK,M,1998,Jarred,11
OK,M,1998,Javier,11
OK,M,1998,Jonas,11
OK,M,1998,Layne,11
OK,M,1998,Martin,11
OK,M,1998,Omar,11
OK,M,1998,Shelby,11
OK,M,1998,Abraham,10
OK,M,1998,Albert,10
OK,M,1998,Baylor,10
OK,M,1998,Beau,10
OK,M,1998,Braydon,10
OK,M,1998,Brice,10
OK,M,1998,Camron,10
OK,M,1998,Damian,10
OK,M,1998,Darren,10
OK,M,1998,Deven,10
OK,M,1998,Dillan,10
OK,M,1998,Dominique,10
OK,M,1998,Elisha,10
OK,M,1998,Ezekiel,10
OK,M,1998,Jaxon,10
OK,M,1998,Jayson,10
OK,M,1998,Jordon,10
OK,M,1998,Julio,10
OK,M,1998,Kristian,10
OK,M,1998,Marvin,10
OK,M,1998,Nathanial,10
OK,M,1998,Quentin,10
OK,M,1998,Rhett,10
OK,M,1998,River,10
OK,M,1998,Shaun,10
OK,M,1998,Tate,10
OK,M,1998,Terrell,10
OK,M,1998,Toby,10
OK,M,1998,Zachariah,10
OK,M,1998,Alberto,9
OK,M,1998,Barry,9
OK,M,1998,Braiden,9
OK,M,1998,Byron,9
OK,M,1998,Camden,9
OK,M,1998,Deandre,9
OK,M,1998,Devan,9
OK,M,1998,Dylon,9
OK,M,1998,Elias,9
OK,M,1998,Gerald,9
OK,M,1998,Hudson,9
OK,M,1998,Jamie,9
OK,M,1998,Jarett,9
OK,M,1998,Jasper,9
OK,M,1998,Jayden,9
OK,M,1998,Jon,9
OK,M,1998,Kolby,9
OK,M,1998,Lawrence,9
OK,M,1998,Lee,9
OK,M,1998,Maurice,9
OK,M,1998,Nikolas,9
OK,M,1998,Oscar,9
OK,M,1998,Reed,9
OK,M,1998,Ronnie,9
OK,M,1998,Sidney,9
OK,M,1998,Tristin,9
OK,M,1998,Tyree,9
OK,M,1998,Walter,9
OK,M,1998,Andres,8
OK,M,1998,Blade,8
OK,M,1998,Branden,8
OK,M,1998,Bret,8
OK,M,1998,Brooks,8
OK,M,1998,Coleton,8
OK,M,1998,Conor,8
OK,M,1998,Darrin,8
OK,M,1998,Davis,8
OK,M,1998,Don,8
OK,M,1998,Donnie,8
OK,M,1998,Douglas,8
OK,M,1998,Duncan,8
OK,M,1998,Emmanuel,8
OK,M,1998,Fernando,8
OK,M,1998,Garrison,8
OK,M,1998,Gerardo,8
OK,M,1998,Jimmie,8
OK,M,1998,Kamron,8
OK,M,1998,Keenan,8
OK,M,1998,Khalil,8
OK,M,1998,Koby,8
OK,M,1998,Lakota,8
OK,M,1998,Max,8
OK,M,1998,Nathanael,8
OK,M,1998,Owen,8
OK,M,1998,Pedro,8
OK,M,1998,Ray,8
OK,M,1998,Reginald,8
OK,M,1998,Roger,8
OK,M,1998,Rylan,8
OK,M,1998,Sawyer,8
OK,M,1998,Sebastian,8
OK,M,1998,Todd,8
OK,M,1998,Tylor,8
OK,M,1998,Willie,8
OK,M,1998,Andy,7
OK,M,1998,Bradon,7
OK,M,1998,Bradyn,7
OK,M,1998,Brennon,7
OK,M,1998,Bruce,7
OK,M,1998,Canaan,7
OK,M,1998,Clint,7
OK,M,1998,Coleman,7
OK,M,1998,Cordell,7
OK,M,1998,Dakotah,7
OK,M,1998,Damion,7
OK,M,1998,Darrell,7
OK,M,1998,Darrius,7
OK,M,1998,Denver,7
OK,M,1998,Deshawn,7
OK,M,1998,Dillion,7
OK,M,1998,Eddie,7
OK,M,1998,Forrest,7
OK,M,1998,Franklin,7
OK,M,1998,Frederick,7
OK,M,1998,Isiah,7
OK,M,1998,Jadon,7
OK,M,1998,Jayce,7
OK,M,1998,Joey,7
OK,M,1998,Jonah,7
OK,M,1998,Kelby,7
OK,M,1998,Kelly,7
OK,M,1998,Lonnie,7
OK,M,1998,Rocky,7
OK,M,1998,Sheldon,7
OK,M,1998,Tevin,7
OK,M,1998,Trever,7
OK,M,1998,Tristian,7
OK,M,1998,Tyran,7
OK,M,1998,Warren,7
OK,M,1998,Zayne,7
OK,M,1998,Zechariah,7
OK,M,1998,Armando,6
OK,M,1998,Ben,6
OK,M,1998,Blane,6
OK,M,1998,Brannon,6
OK,M,1998,Brayan,6
OK,M,1998,Cash,6
OK,M,1998,Cecil,6
OK,M,1998,Dale,6
OK,M,1998,Darion,6
OK,M,1998,Daxton,6
OK,M,1998,Daylon,6
OK,M,1998,Dennis,6
OK,M,1998,Derick,6
OK,M,1998,Diego,6
OK,M,1998,Donavan,6
OK,M,1998,Enrique,6
OK,M,1998,Eugene,6
OK,M,1998,Grady,6
OK,M,1998,Gunnar,6
OK,M,1998,Harry,6
OK,M,1998,Heath,6
OK,M,1998,Jaime,6
OK,M,1998,Jaron,6
OK,M,1998,Jaylen,6
OK,M,1998,Kai,6
OK,M,1998,Karson,6
OK,M,1998,Kasey,6
OK,M,1998,Kelton,6
OK,M,1998,Kendrick,6
OK,M,1998,Kirk,6
OK,M,1998,Kory,6
OK,M,1998,Landen,6
OK,M,1998,Malcolm,6
OK,M,1998,Marquis,6
OK,M,1998,Orion,6
OK,M,1998,Paxton,6
OK,M,1998,Perry,6
OK,M,1998,Rafael,6
OK,M,1998,Reece,6
OK,M,1998,Reid,6
OK,M,1998,Ross,6
OK,M,1998,Santiago,6
OK,M,1998,Shannon,6
OK,M,1998,Solomon,6
OK,M,1998,Stanley,6
OK,M,1998,Terrence,6
OK,M,1998,Trae,6
OK,M,1998,Ali,5
OK,M,1998,Arthur,5
OK,M,1998,Arturo,5
OK,M,1998,Asher,5
OK,M,1998,Auston,5
OK,M,1998,Brenton,5
OK,M,1998,Brycen,5
OK,M,1998,Cain,5
OK,M,1998,Camren,5
OK,M,1998,Cedric,5
OK,M,1998,Clifford,5
OK,M,1998,Craig,5
OK,M,1998,Dane,5
OK,M,1998,Dangelo,5
OK,M,1998,Dathan,5
OK,M,1998,Demontre,5
OK,M,1998,Denton,5
OK,M,1998,Dusty,5
OK,M,1998,Emanuel,5
OK,M,1998,Emilio,5
OK,M,1998,Ernesto,5
OK,M,1998,Felix,5
OK,M,1998,Floyd,5
OK,M,1998,Garett,5
OK,M,1998,Griffin,5
OK,M,1998,Gustavo,5
OK,M,1998,Hector,5
OK,M,1998,Jaylon,5
OK,M,1998,Jermaine,5
OK,M,1998,Jett,5
OK,M,1998,Josue,5
OK,M,1998,Justus,5
OK,M,1998,Kadin,5
OK,M,1998,Keandre,5
OK,M,1998,Keifer,5
OK,M,1998,Kelvin,5
OK,M,1998,Kendon,5
OK,M,1998,Kole,5
OK,M,1998,Leroy,5
OK,M,1998,Lincoln,5
OK,M,1998,Lukas,5
OK,M,1998,Lyndon,5
OK,M,1998,Madison,5
OK,M,1998,Markus,5
OK,M,1998,Mateo,5
OK,M,1998,Myles,5
OK,M,1998,Nathen,5
OK,M,1998,Noel,5
OK,M,1998,Oliver,5
OK,M,1998,Phoenix,5
OK,M,1998,Quinn,5
OK,M,1998,Rashawn,5
OK,M,1998,Raul,5
OK,M,1998,Raven,5
OK,M,1998,Roberto,5
OK,M,1998,Rory,5
OK,M,1998,Rylee,5
OK,M,1998,Sage,5
OK,M,1998,Shamar,5
OK,M,1998,Simeon,5
OK,M,1998,Sterling,5
OK,M,1998,Titus,5
OK,M,1998,Tommie,5
OK,M,1998,Trevin,5
OK,M,1998,Trystan,5
OK,M,1998,Turner,5
OK,M,1998,Virgil,5
OK,M,1998,Waylon,5
OK,M,1998,Zakary,5
OK,M,1999,Jacob,502
OK,M,1999,Joshua,357
OK,M,1999,Tyler,350
OK,M,1999,Matthew,333
OK,M,1999,Michael,329
OK,M,1999,Christopher,304
OK,M,1999,Austin,283
OK,M,1999,William,269
OK,M,1999,Hunter,246
OK,M,1999,Zachary,246
OK,M,1999,Joseph,236
OK,M,1999,Dylan,235
OK,M,1999,Brandon,233
OK,M,1999,John,231
OK,M,1999,Caleb,225
OK,M,1999,Ryan,219
OK,M,1999,James,218
OK,M,1999,Nicholas,204
OK,M,1999,Andrew,201
OK,M,1999,Ethan,197
OK,M,1999,Daniel,194
OK,M,1999,Jordan,183
OK,M,1999,Nathan,177
OK,M,1999,Christian,176
OK,M,1999,David,176
OK,M,1999,Noah,175
OK,M,1999,Justin,172
OK,M,1999,Cody,166
OK,M,1999,Dalton,163
OK,M,1999,Jonathan,162
OK,M,1999,Cameron,160
OK,M,1999,Logan,156
OK,M,1999,Samuel,151
OK,M,1999,Dakota,144
OK,M,1999,Robert,142
OK,M,1999,Kyle,137
OK,M,1999,Aaron,130
OK,M,1999,Anthony,129
OK,M,1999,Seth,129
OK,M,1999,Blake,128
OK,M,1999,Garrett,128
OK,M,1999,Mason,125
OK,M,1999,Alexander,121
OK,M,1999,Colton,119
OK,M,1999,Thomas,116
OK,M,1999,Benjamin,114
OK,M,1999,Jackson,113
OK,M,1999,Trevor,103
OK,M,1999,Devin,102
OK,M,1999,Tanner,100
OK,M,1999,Jason,98
OK,M,1999,Chase,91
OK,M,1999,Jesse,90
OK,M,1999,Bryce,89
OK,M,1999,Jared,88
OK,M,1999,Braden,87
OK,M,1999,Connor,85
OK,M,1999,Elijah,85
OK,M,1999,Eric,83
OK,M,1999,Nathaniel,83
OK,M,1999,Brian,81
OK,M,1999,Timothy,81
OK,M,1999,Charles,80
OK,M,1999,Steven,80
OK,M,1999,Kevin,79
OK,M,1999,Gabriel,76
OK,M,1999,Alex,75
OK,M,1999,Brayden,73
OK,M,1999,Jose,72
OK,M,1999,Taylor,72
OK,M,1999,Isaiah,71
OK,M,1999,Kaleb,71
OK,M,1999,Wyatt,71
OK,M,1999,Parker,70
OK,M,1999,Isaac,69
OK,M,1999,Trenton,69
OK,M,1999,Evan,68
OK,M,1999,Clayton,67
OK,M,1999,Bradley,66
OK,M,1999,Cole,65
OK,M,1999,Tristan,65
OK,M,1999,Luke,64
OK,M,1999,Jack,63
OK,M,1999,Juan,63
OK,M,1999,Adam,62
OK,M,1999,Dawson,62
OK,M,1999,Dillon,62
OK,M,1999,Gavin,62
OK,M,1999,Richard,61
OK,M,1999,Ian,60
OK,M,1999,Jake,60
OK,M,1999,Chandler,59
OK,M,1999,Riley,59
OK,M,1999,Sean,59
OK,M,1999,Grant,58
OK,M,1999,Carson,57
OK,M,1999,Patrick,57
OK,M,1999,Trey,56
OK,M,1999,Bryan,55
OK,M,1999,Dustin,55
OK,M,1999,Levi,55
OK,M,1999,Preston,55
OK,M,1999,Chance,54
OK,M,1999,Hayden,54
OK,M,1999,Brett,51
OK,M,1999,Jeremy,51
OK,M,1999,Marcus,51
OK,M,1999,Devon,49
OK,M,1999,Spencer,47
OK,M,1999,Lane,46
OK,M,1999,Johnathan,45
OK,M,1999,Gage,44
OK,M,1999,Antonio,43
OK,M,1999,Conner,43
OK,M,1999,Kaden,43
OK,M,1999,Landon,43
OK,M,1999,Cade,42
OK,M,1999,Colby,42
OK,M,1999,Micah,42
OK,M,1999,Brendan,40
OK,M,1999,Wesley,40
OK,M,1999,Carlos,39
OK,M,1999,Travis,39
OK,M,1999,Xavier,39
OK,M,1999,Caden,38
OK,M,1999,Jeremiah,38
OK,M,1999,Stephen,38
OK,M,1999,Bailey,37
OK,M,1999,Skyler,37
OK,M,1999,Victor,37
OK,M,1999,Drake,36
OK,M,1999,Jeffrey,36
OK,M,1999,Billy,35
OK,M,1999,Brady,35
OK,M,1999,Ty,35
OK,M,1999,Kenneth,34
OK,M,1999,Kyler,34
OK,M,1999,Lucas,34
OK,M,1999,Mitchell,34
OK,M,1999,Shane,34
OK,M,1999,Shawn,34
OK,M,1999,Mark,33
OK,M,1999,Miguel,33
OK,M,1999,Colin,32
OK,M,1999,Cooper,32
OK,M,1999,Derek,32
OK,M,1999,Luis,32
OK,M,1999,Paul,32
OK,M,1999,Casey,31
OK,M,1999,Collin,31
OK,M,1999,Drew,31
OK,M,1999,Jace,31
OK,M,1999,Jesus,30
OK,M,1999,Josiah,30
OK,M,1999,Kobe,30
OK,M,1999,Adrian,29
OK,M,1999,Corbin,29
OK,M,1999,Corey,29
OK,M,1999,Braxton,28
OK,M,1999,Jerry,28
OK,M,1999,Jimmy,28
OK,M,1999,Johnny,28
OK,M,1999,Peyton,28
OK,M,1999,Tucker,28
OK,M,1999,Donovan,27
OK,M,1999,Tommy,27
OK,M,1999,Zachery,27
OK,M,1999,George,26
OK,M,1999,Payton,26
OK,M,1999,Zackary,26
OK,M,1999,Zane,26
OK,M,1999,Cory,25
OK,M,1999,Gary,25
OK,M,1999,Joel,25
OK,M,1999,Larry,25
OK,M,1999,Alec,24
OK,M,1999,Edward,24
OK,M,1999,Gregory,24
OK,M,1999,Jalen,24
OK,M,1999,Ashton,23
OK,M,1999,Brent,23
OK,M,1999,Brock,23
OK,M,1999,Jakob,23
OK,M,1999,Jessie,23
OK,M,1999,Jorge,23
OK,M,1999,Keegan,23
OK,M,1999,Ronald,23
OK,M,1999,Troy,23
OK,M,1999,Bobby,22
OK,M,1999,Brenden,22
OK,M,1999,Carter,22
OK,M,1999,Donald,22
OK,M,1999,Jaden,22
OK,M,1999,Kody,22
OK,M,1999,Micheal,22
OK,M,1999,Nicolas,22
OK,M,1999,Raymond,22
OK,M,1999,Scott,22
OK,M,1999,Terry,22
OK,M,1999,Alan,21
OK,M,1999,Angel,21
OK,M,1999,Danny,21
OK,M,1999,Harley,21
OK,M,1999,Keaton,21
OK,M,1999,Keith,21
OK,M,1999,Bryson,20
OK,M,1999,Dallas,20
OK,M,1999,Holden,20
OK,M,1999,Jonathon,20
OK,M,1999,Kade,20
OK,M,1999,Kolby,20
OK,M,1999,Randall,20
OK,M,1999,Alexis,19
OK,M,1999,Derrick,19
OK,M,1999,Garrison,19
OK,M,1999,Grayson,19
OK,M,1999,Jayden,19
OK,M,1999,Jonah,19
OK,M,1999,Mathew,19
OK,M,1999,Owen,19
OK,M,1999,Phillip,19
OK,M,1999,Avery,18
OK,M,1999,Chad,18
OK,M,1999,Colten,18
OK,M,1999,Harrison,18
OK,M,1999,Hector,18
OK,M,1999,Jeffery,18
OK,M,1999,Lance,18
OK,M,1999,Morgan,18
OK,M,1999,Nickolas,18
OK,M,1999,Calvin,17
OK,M,1999,Darius,17
OK,M,1999,Dayton,17
OK,M,1999,Diego,17
OK,M,1999,Jaxon,17
OK,M,1999,Joe,17
OK,M,1999,Kameron,17
OK,M,1999,Malachi,17
OK,M,1999,Malik,17
OK,M,1999,Martin,17
OK,M,1999,Maxwell,17
OK,M,1999,Russell,17
OK,M,1999,Blaine,16
OK,M,1999,Brennan,16
OK,M,1999,Dominic,16
OK,M,1999,Eli,16
OK,M,1999,Javier,16
OK,M,1999,Jay,16
OK,M,1999,Kristian,16
OK,M,1999,Kristopher,16
OK,M,1999,Max,16
OK,M,1999,Miles,16
OK,M,1999,Oscar,16
OK,M,1999,Toby,16
OK,M,1999,Tony,16
OK,M,1999,Tristen,16
OK,M,1999,Tyrese,16
OK,M,1999,Tyson,16
OK,M,1999,Branden,15
OK,M,1999,Douglas,15
OK,M,1999,Edgar,15
OK,M,1999,Erik,15
OK,M,1999,Julian,15
OK,M,1999,Omar,15
OK,M,1999,Ricardo,15
OK,M,1999,Tate,15
OK,M,1999,Braeden,14
OK,M,1999,Clay,14
OK,M,1999,Curtis,14
OK,M,1999,Enrique,14
OK,M,1999,Henry,14
OK,M,1999,Jayson,14
OK,M,1999,Johnathon,14
OK,M,1999,Mario,14
OK,M,1999,Nathanael,14
OK,M,1999,Nolan,14
OK,M,1999,Quinton,14
OK,M,1999,Randy,14
OK,M,1999,Ricky,14
OK,M,1999,Roy,14
OK,M,1999,Skylar,14
OK,M,1999,Walker,14
OK,M,1999,Zion,14
OK,M,1999,Alejandro,13
OK,M,1999,Brody,13
OK,M,1999,Camron,13
OK,M,1999,Carl,13
OK,M,1999,Cristian,13
OK,M,1999,Darren,13
OK,M,1999,Jarod,13
OK,M,1999,Jarrett,13
OK,M,1999,Marshall,13
OK,M,1999,Sergio,13
OK,M,1999,Vincent,13
OK,M,1999,Weston,13
OK,M,1999,Aidan,12
OK,M,1999,Allen,12
OK,M,1999,Andy,12
OK,M,1999,Brendon,12
OK,M,1999,Coleman,12
OK,M,1999,Cordell,12
OK,M,1999,Damion,12
OK,M,1999,Damon,12
OK,M,1999,Darrell,12
OK,M,1999,Davis,12
OK,M,1999,Desmond,12
OK,M,1999,Dylon,12
OK,M,1999,Francisco,12
OK,M,1999,Grady,12
OK,M,1999,Justice,12
OK,M,1999,Kelly,12
OK,M,1999,Koby,12
OK,M,1999,Pablo,12
OK,M,1999,Quinn,12
OK,M,1999,Rhett,12
OK,M,1999,River,12
OK,M,1999,Roger,12
OK,M,1999,Ronnie,12
OK,M,1999,Rowdy,12
OK,M,1999,Ruben,12
OK,M,1999,Trevon,12
OK,M,1999,Alvin,11
OK,M,1999,Armando,11
OK,M,1999,Beau,11
OK,M,1999,Bryant,11
OK,M,1999,Cale,11
OK,M,1999,Camden,11
OK,M,1999,Damian,11
OK,M,1999,Dennis,11
OK,M,1999,Deven,11
OK,M,1999,Edwin,11
OK,M,1999,Ezekiel,11
OK,M,1999,Frank,11
OK,M,1999,Garret,11
OK,M,1999,Griffin,11
OK,M,1999,Gunner,11
OK,M,1999,Ivan,11
OK,M,1999,Korbin,11
OK,M,1999,Liam,11
OK,M,1999,Malcolm,11
OK,M,1999,Peter,11
OK,M,1999,Sebastian,11
OK,M,1999,Stone,11
OK,M,1999,Trace,11
OK,M,1999,Triston,11
OK,M,1999,Tylor,11
OK,M,1999,Abraham,10
OK,M,1999,Andre,10
OK,M,1999,Damien,10
OK,M,1999,Devan,10
OK,M,1999,Eduardo,10
OK,M,1999,Fabian,10
OK,M,1999,Fernando,10
OK,M,1999,Forrest,10
OK,M,1999,Jaime,10
OK,M,1999,Jayce,10
OK,M,1999,Kamron,10
OK,M,1999,Marco,10
OK,M,1999,Marcos,10
OK,M,1999,Maverick,10
OK,M,1999,Philip,10
OK,M,1999,Talon,10
OK,M,1999,Zackery,10
OK,M,1999,Alberto,9
OK,M,1999,Andres,9
OK,M,1999,Arthur,9
OK,M,1999,Braiden,9
OK,M,1999,Braydon,9
OK,M,1999,Cayden,9
OK,M,1999,Deandre,9
OK,M,1999,Deangelo,9
OK,M,1999,Dominick,9
OK,M,1999,Dusty,9
OK,M,1999,Eddie,9
OK,M,1999,Elias,9
OK,M,1999,Emmanuel,9
OK,M,1999,Erick,9
OK,M,1999,Greyson,9
OK,M,1999,Gustavo,9
OK,M,1999,Jarrod,9
OK,M,1999,Joey,9
OK,M,1999,Kendall,9
OK,M,1999,Khalil,9
OK,M,1999,Lee,9
OK,M,1999,Manuel,9
OK,M,1999,Reece,9
OK,M,1999,Roman,9
OK,M,1999,Sterling,9
OK,M,1999,Trent,9
OK,M,1999,Willie,9
OK,M,1999,Zachariah,9
OK,M,1999,Addison,8
OK,M,1999,Alfredo,8
OK,M,1999,Brice,8
OK,M,1999,Britton,8
OK,M,1999,Canyon,8
OK,M,1999,Cesar,8
OK,M,1999,Clinton,8
OK,M,1999,Coby,8
OK,M,1999,Dale,8
OK,M,1999,Darian,8
OK,M,1999,Dominique,8
OK,M,1999,Duncan,8
OK,M,1999,Easton,8
OK,M,1999,Emanuel,8
OK,M,1999,Gerardo,8
OK,M,1999,Graham,8
OK,M,1999,Isiah,8
OK,M,1999,Jaylen,8
OK,M,1999,Jaylon,8
OK,M,1999,Jonas,8
OK,M,1999,Josue,8
OK,M,1999,Kendrick,8
OK,M,1999,Kolton,8
OK,M,1999,Marquis,8
OK,M,1999,Nathanial,8
OK,M,1999,Quentin,8
OK,M,1999,Reed,8
OK,M,1999,Reese,8
OK,M,1999,Reginald,8
OK,M,1999,Remington,8
OK,M,1999,Ross,8
OK,M,1999,Sage,8
OK,M,1999,Saul,8
OK,M,1999,Terrell,8
OK,M,1999,Tracy,8
OK,M,1999,Tristin,8
OK,M,1999,Wade,8
OK,M,1999,Walter,8
OK,M,1999,Waylon,8
OK,M,1999,Wayne,8
OK,M,1999,Auston,7
OK,M,1999,Byron,7
OK,M,1999,Chaz,7
OK,M,1999,Dane,7
OK,M,1999,Dante,7
OK,M,1999,Daylen,7
OK,M,1999,Denton,7
OK,M,1999,Dillion,7
OK,M,1999,Donavan,7
OK,M,1999,Dyllan,7
OK,M,1999,Guillermo,7
OK,M,1999,Houston,7
OK,M,1999,Ismael,7
OK,M,1999,Issac,7
OK,M,1999,Jamie,7
OK,M,1999,Jon,7
OK,M,1999,Kelby,7
OK,M,1999,Lawrence,7
OK,M,1999,Lorenzo,7
OK,M,1999,Mateo,7
OK,M,1999,Montana,7
OK,M,1999,Pedro,7
OK,M,1999,Roberto,7
OK,M,1999,Rocky,7
OK,M,1999,Rodney,7
OK,M,1999,Rylan,7
OK,M,1999,Sawyer,7
OK,M,1999,Stetson,7
OK,M,1999,Turner,7
OK,M,1999,Warren,7
OK,M,1999,Aron,6
OK,M,1999,Arturo,6
OK,M,1999,Baylor,6
OK,M,1999,Blayne,6
OK,M,1999,Denver,6
OK,M,1999,Deshawn,6
OK,M,1999,Dezmond,6
OK,M,1999,Donnie,6
OK,M,1999,Donte,6
OK,M,1999,Ernesto,6
OK,M,1999,Gunnar,6
OK,M,1999,Howard,6
OK,M,1999,Israel,6
OK,M,1999,Jade,6
OK,M,1999,Jaron,6
OK,M,1999,Jefferson,6
OK,M,1999,Jimmie,6
OK,M,1999,Julio,6
OK,M,1999,Justus,6
OK,M,1999,Kale,6
OK,M,1999,Kasey,6
OK,M,1999,Kason,6
OK,M,1999,Kenny,6
OK,M,1999,Leon,6
OK,M,1999,Leonard,6
OK,M,1999,Louis,6
OK,M,1999,Marc,6
OK,M,1999,Marquez,6
OK,M,1999,Marvin,6
OK,M,1999,Noe,6
OK,M,1999,Noel,6
OK,M,1999,Orion,6
OK,M,1999,Paxton,6
OK,M,1999,Quincy,6
OK,M,1999,Rylee,6
OK,M,1999,Shelby,6
OK,M,1999,Silas,6
OK,M,1999,Terrance,6
OK,M,1999,Tristian,6
OK,M,1999,Tyrell,6
OK,M,1999,Will,6
OK,M,1999,Abel,5
OK,M,1999,Asa,5
OK,M,1999,Ayden,5
OK,M,1999,Ben,5
OK,M,1999,Bennett,5
OK,M,1999,Blane,5
OK,M,1999,Bo,5
OK,M,1999,Bradon,5
OK,M,1999,Brant,5
OK,M,1999,Brennen,5
OK,M,1999,Briar,5
OK,M,1999,Brodie,5
OK,M,1999,Brooks,5
OK,M,1999,Cedric,5
OK,M,1999,Clarence,5
OK,M,1999,Clark,5
OK,M,1999,Coleton,5
OK,M,1999,Colt,5
OK,M,1999,Conor,5
OK,M,1999,Craig,5
OK,M,1999,Dangelo,5
OK,M,1999,Darien,5
OK,M,1999,Dean,5
OK,M,1999,Deon,5
OK,M,1999,Devyn,5
OK,M,1999,Dillan,5
OK,M,1999,Draven,5
OK,M,1999,Dyllon,5
OK,M,1999,Emilio,5
OK,M,1999,Eugene,5
OK,M,1999,Ezra,5
OK,M,1999,Floyd,5
OK,M,1999,Foster,5
OK,M,1999,Freddie,5
OK,M,1999,Fredrick,5
OK,M,1999,Gerald,5
OK,M,1999,Jadon,5
OK,M,1999,Jarred,5
OK,M,1999,Jase,5
OK,M,1999,Jasper,5
OK,M,1999,Jax,5
OK,M,1999,Jermaine,5
OK,M,1999,Jorden,5
OK,M,1999,Jordon,5
OK,M,1999,Kadin,5
OK,M,1999,Kane,5
OK,M,1999,Karsten,5
OK,M,1999,Keagan,5
OK,M,1999,Kelton,5
OK,M,1999,Kelvin,5
OK,M,1999,Kenyon,5
OK,M,1999,Keshawn,5
OK,M,1999,Keyshawn,5
OK,M,1999,Kole,5
OK,M,1999,Landen,5
OK,M,1999,Latrell,5
OK,M,1999,Leonardo,5
OK,M,1999,Lewis,5
OK,M,1999,Lukas,5
OK,M,1999,Marlon,5
OK,M,1999,Marquise,5
OK,M,1999,Maximilian,5
OK,M,1999,Myles,5
OK,M,1999,Pierce,5
OK,M,1999,Ramon,5
OK,M,1999,Raul,5
OK,M,1999,Reid,5
OK,M,1999,Roderick,5
OK,M,1999,Rusty,5
OK,M,1999,Sheldon,5
OK,M,1999,Solomon,5
OK,M,1999,Steve,5
OK,M,1999,Tavion,5
OK,M,1999,Tobias,5
OK,M,1999,Todd,5
OK,M,1999,Trenten,5
OK,M,1999,Treyvon,5
OK,M,1999,Tyree,5
OK,M,1999,Zechariah,5
OK,M,2000,Jacob,467
OK,M,2000,Tyler,357
OK,M,2000,Joshua,348
OK,M,2000,Matthew,329
OK,M,2000,Michael,324
OK,M,2000,Christopher,278
OK,M,2000,Austin,267
OK,M,2000,Zachary,265
OK,M,2000,William,260
OK,M,2000,Ethan,246
OK,M,2000,Hunter,242
OK,M,2000,James,233
OK,M,2000,Dylan,221
OK,M,2000,Andrew,219
OK,M,2000,Joseph,216
OK,M,2000,Caleb,215
OK,M,2000,Christian,206
OK,M,2000,Ryan,200
OK,M,2000,Brandon,199
OK,M,2000,John,190
OK,M,2000,Nicholas,189
OK,M,2000,David,180
OK,M,2000,Daniel,179
OK,M,2000,Noah,171
OK,M,2000,Jordan,168
OK,M,2000,Justin,167
OK,M,2000,Samuel,163
OK,M,2000,Cameron,162
OK,M,2000,Logan,159
OK,M,2000,Robert,157
OK,M,2000,Dalton,156
OK,M,2000,Anthony,149
OK,M,2000,Dakota,148
OK,M,2000,Nathan,146
OK,M,2000,Cody,145
OK,M,2000,Jonathan,145
OK,M,2000,Blake,144
OK,M,2000,Seth,144
OK,M,2000,Alexander,143
OK,M,2000,Colton,140
OK,M,2000,Kyle,137
OK,M,2000,Mason,134
OK,M,2000,Garrett,119
OK,M,2000,Aaron,115
OK,M,2000,Gabriel,110
OK,M,2000,Tanner,108
OK,M,2000,Benjamin,107
OK,M,2000,Thomas,107
OK,M,2000,Isaac,106
OK,M,2000,Charles,103
OK,M,2000,Elijah,101
OK,M,2000,Carson,99
OK,M,2000,Braden,97
OK,M,2000,Trevor,97
OK,M,2000,Connor,95
OK,M,2000,Wyatt,93
OK,M,2000,Jose,92
OK,M,2000,Jason,91
OK,M,2000,Nathaniel,90
OK,M,2000,Bryce,85
OK,M,2000,Trenton,84
OK,M,2000,Kaleb,83
OK,M,2000,Jesse,82
OK,M,2000,Tristan,82
OK,M,2000,Cole,81
OK,M,2000,Luke,80
OK,M,2000,Hayden,79
OK,M,2000,Alex,78
OK,M,2000,Steven,78
OK,M,2000,Isaiah,77
OK,M,2000,Jackson,77
OK,M,2000,Jared,77
OK,M,2000,Chase,76
OK,M,2000,Brian,74
OK,M,2000,Devin,74
OK,M,2000,Ian,74
OK,M,2000,Eric,73
OK,M,2000,Kevin,72
OK,M,2000,Evan,71
OK,M,2000,Gavin,68
OK,M,2000,Juan,68
OK,M,2000,Parker,68
OK,M,2000,Preston,65
OK,M,2000,Patrick,64
OK,M,2000,Gage,63
OK,M,2000,Timothy,63
OK,M,2000,Adam,62
OK,M,2000,Adrian,62
OK,M,2000,Brayden,62
OK,M,2000,Riley,61
OK,M,2000,Dillon,56
OK,M,2000,Jaden,56
OK,M,2000,Bradley,55
OK,M,2000,Dawson,55
OK,M,2000,Clayton,54
OK,M,2000,Taylor,54
OK,M,2000,Levi,53
OK,M,2000,Chance,52
OK,M,2000,Conner,52
OK,M,2000,Sean,52
OK,M,2000,Spencer,52
OK,M,2000,Cade,51
OK,M,2000,Devon,50
OK,M,2000,Grant,50
OK,M,2000,Jake,50
OK,M,2000,Lucas,50
OK,M,2000,Zane,50
OK,M,2000,Jeremiah,49
OK,M,2000,Cooper,48
OK,M,2000,Jesus,48
OK,M,2000,Kaden,48
OK,M,2000,Kyler,48
OK,M,2000,Richard,48
OK,M,2000,Dustin,47
OK,M,2000,Luis,47
OK,M,2000,Carlos,46
OK,M,2000,Landon,46
OK,M,2000,Xavier,46
OK,M,2000,Chandler,45
OK,M,2000,Jack,45
OK,M,2000,Ty,45
OK,M,2000,Johnathan,44
OK,M,2000,Kenneth,44
OK,M,2000,Micah,43
OK,M,2000,Trey,43
OK,M,2000,Jeremy,42
OK,M,2000,Mark,42
OK,M,2000,Derek,41
OK,M,2000,Antonio,40
OK,M,2000,Caden,40
OK,M,2000,Jayden,40
OK,M,2000,Marcus,40
OK,M,2000,Stephen,39
OK,M,2000,Miguel,38
OK,M,2000,Payton,38
OK,M,2000,Collin,37
OK,M,2000,Jace,37
OK,M,2000,Jeffrey,37
OK,M,2000,Bryan,36
OK,M,2000,Colby,36
OK,M,2000,Jalen,36
OK,M,2000,Josiah,36
OK,M,2000,Kobe,36
OK,M,2000,Shane,36
OK,M,2000,Shawn,36
OK,M,2000,Billy,35
OK,M,2000,Brett,35
OK,M,2000,Jakob,35
OK,M,2000,Joel,35
OK,M,2000,Brady,34
OK,M,2000,Corbin,34
OK,M,2000,Peyton,34
OK,M,2000,Bailey,33
OK,M,2000,Bobby,33
OK,M,2000,Julian,33
OK,M,2000,Lane,33
OK,M,2000,Alejandro,32
OK,M,2000,Brock,31
OK,M,2000,Carter,31
OK,M,2000,Skyler,31
OK,M,2000,Tommy,31
OK,M,2000,Dallas,30
OK,M,2000,Phillip,30
OK,M,2000,Brendan,29
OK,M,2000,Corey,29
OK,M,2000,Aidan,28
OK,M,2000,Ashton,28
OK,M,2000,Donovan,28
OK,M,2000,Braxton,27
OK,M,2000,Casey,27
OK,M,2000,Derrick,27
OK,M,2000,Edward,27
OK,M,2000,Paul,27
OK,M,2000,Angel,26
OK,M,2000,Drake,26
OK,M,2000,Keith,26
OK,M,2000,Maxwell,26
OK,M,2000,Oscar,26
OK,M,2000,Tristen,26
OK,M,2000,Zachery,26
OK,M,2000,Mitchell,25
OK,M,2000,Sebastian,25
OK,M,2000,Toby,25
OK,M,2000,Travis,25
OK,M,2000,Vincent,25
OK,M,2000,Wesley,25
OK,M,2000,Raymond,24
OK,M,2000,Alec,23
OK,M,2000,Colten,23
OK,M,2000,Diego,23
OK,M,2000,Eli,23
OK,M,2000,Gregory,23
OK,M,2000,Harrison,23
OK,M,2000,Ivan,23
OK,M,2000,Jerry,23
OK,M,2000,Kameron,23
OK,M,2000,Ronald,23
OK,M,2000,Brenden,22
OK,M,2000,Brody,22
OK,M,2000,Cale,22
OK,M,2000,Colin,22
OK,M,2000,George,22
OK,M,2000,Lance,22
OK,M,2000,Malachi,22
OK,M,2000,Victor,22
OK,M,2000,Zackary,22
OK,M,2000,Bryson,21
OK,M,2000,Chad,21
OK,M,2000,Harley,21
OK,M,2000,Jaxon,21
OK,M,2000,Jay,21
OK,M,2000,Jimmy,21
OK,M,2000,Sergio,21
OK,M,2000,Terry,21
OK,M,2000,Braydon,20
OK,M,2000,Cesar,20
OK,M,2000,Johnathon,20
OK,M,2000,Johnny,20
OK,M,2000,Kody,20
OK,M,2000,Larry,20
OK,M,2000,Max,20
OK,M,2000,Scott,20
OK,M,2000,Camden,19
OK,M,2000,Cristian,19
OK,M,2000,Grayson,19
OK,M,2000,Jonah,19
OK,M,2000,Jorge,19
OK,M,2000,Keaton,19
OK,M,2000,Malik,19
OK,M,2000,Trent,19
OK,M,2000,Alan,18
OK,M,2000,Avery,18
OK,M,2000,Donald,18
OK,M,2000,Eduardo,18
OK,M,2000,Erik,18
OK,M,2000,Jaylen,18
OK,M,2000,Kristopher,18
OK,M,2000,Marshall,18
OK,M,2000,Nickolas,18
OK,M,2000,Omar,18
OK,M,2000,Tate,18
OK,M,2000,Troy,18
OK,M,2000,Weston,18
OK,M,2000,Cory,17
OK,M,2000,Douglas,17
OK,M,2000,Edgar,17
OK,M,2000,Karson,17
OK,M,2000,Nicolas,17
OK,M,2000,Peter,17
OK,M,2000,Quinton,17
OK,M,2000,Reece,17
OK,M,2000,Ricardo,17
OK,M,2000,Skylar,17
OK,M,2000,Allen,16
OK,M,2000,Braeden,16
OK,M,2000,Damon,16
OK,M,2000,Darius,16
OK,M,2000,Dominic,16
OK,M,2000,Easton,16
OK,M,2000,Gary,16
OK,M,2000,Gerald,16
OK,M,2000,Justice,16
OK,M,2000,Kade,16
OK,M,2000,Russell,16
OK,M,2000,Armando,15
OK,M,2000,Blaine,15
OK,M,2000,Brice,15
OK,M,2000,Clay,15
OK,M,2000,Damian,15
OK,M,2000,Erick,15
OK,M,2000,Gerardo,15
OK,M,2000,Gunner,15
OK,M,2000,Jonathon,15
OK,M,2000,Kolby,15
OK,M,2000,Manuel,15
OK,M,2000,Rafael,15
OK,M,2000,Randy,15
OK,M,2000,Raul,15
OK,M,2000,Zackery,15
OK,M,2000,Calvin,14
OK,M,2000,Curtis,14
OK,M,2000,Dennis,14
OK,M,2000,Drew,14
OK,M,2000,Jeffery,14
OK,M,2000,Jessie,14
OK,M,2000,Nolan,14
OK,M,2000,Simon,14
OK,M,2000,Triston,14
OK,M,2000,Tyson,14
OK,M,2000,Beau,13
OK,M,2000,Coby,13
OK,M,2000,Daxton,13
OK,M,2000,Dayton,13
OK,M,2000,Keegan,13
OK,M,2000,Miles,13
OK,M,2000,Aiden,12
OK,M,2000,Andre,12
OK,M,2000,Andres,12
OK,M,2000,Braiden,12
OK,M,2000,Branden,12
OK,M,2000,Brent,12
OK,M,2000,Camron,12
OK,M,2000,Coleman,12
OK,M,2000,Davion,12
OK,M,2000,Deandre,12
OK,M,2000,Emmanuel,12
OK,M,2000,Francisco,12
OK,M,2000,Garret,12
OK,M,2000,Griffin,12
OK,M,2000,Hector,12
OK,M,2000,Josue,12
OK,M,2000,Kendall,12
OK,M,2000,Micheal,12
OK,M,2000,Pedro,12
OK,M,2000,Rhett,12
OK,M,2000,Saul,12
OK,M,2000,Trace,12
OK,M,2000,Tucker,12
OK,M,2000,Zachariah,12
OK,M,2000,Alexis,11
OK,M,2000,Brendon,11
OK,M,2000,Darren,11
OK,M,2000,Dominique,11
OK,M,2000,Elias,11
OK,M,2000,Enrique,11
OK,M,2000,Henry,11
OK,M,2000,Jase,11
OK,M,2000,Jayson,11
OK,M,2000,Koby,11
OK,M,2000,Lawrence,11
OK,M,2000,Layne,11
OK,M,2000,Morgan,11
OK,M,2000,Randall,11
OK,M,2000,Rodney,11
OK,M,2000,Rowdy,11
OK,M,2000,Ruben,11
OK,M,2000,Shaun,11
OK,M,2000,Tristin,11
OK,M,2000,Wade,11
OK,M,2000,Baylor,10
OK,M,2000,Brennan,10
OK,M,2000,Carl,10
OK,M,2000,Cayden,10
OK,M,2000,Damien,10
OK,M,2000,Danny,10
OK,M,2000,Dante,10
OK,M,2000,Duncan,10
OK,M,2000,Holden,10
OK,M,2000,Jarrett,10
OK,M,2000,Javier,10
OK,M,2000,Jett,10
OK,M,2000,Joe,10
OK,M,2000,Jon,10
OK,M,2000,Kolton,10
OK,M,2000,Martin,10
OK,M,2000,Philip,10
OK,M,2000,Quentin,10
OK,M,2000,Sawyer,10
OK,M,2000,Terrance,10
OK,M,2000,Tylor,10
OK,M,2000,Warren,10
OK,M,2000,Abraham,9
OK,M,2000,Byron,9
OK,M,2000,Clinton,9
OK,M,2000,Desmond,9
OK,M,2000,Dusty,9
OK,M,2000,Dylon,9
OK,M,2000,Eddie,9
OK,M,2000,Ezekiel,9
OK,M,2000,Haden,9
OK,M,2000,Israel,9
OK,M,2000,Jarred,9
OK,M,2000,Jarrod,9
OK,M,2000,Jaylon,9
OK,M,2000,Karsten,9
OK,M,2000,Kieran,9
OK,M,2000,Kristian,9
OK,M,2000,Liam,9
OK,M,2000,Malcolm,9
OK,M,2000,Mateo,9
OK,M,2000,Nikolas,9
OK,M,2000,Owen,9
OK,M,2000,Paxton,9
OK,M,2000,Reese,9
OK,M,2000,Ricky,9
OK,M,2000,Roger,9
OK,M,2000,Roman,9
OK,M,2000,Roy,9
OK,M,2000,Rylan,9
OK,M,2000,Silas,9
OK,M,2000,Arturo,8
OK,M,2000,Blayne,8
OK,M,2000,Blaze,8
OK,M,2000,Briar,8
OK,M,2000,Brooks,8
OK,M,2000,Bryant,8
OK,M,2000,Craig,8
OK,M,2000,Damion,8
OK,M,2000,Edwin,8
OK,M,2000,Felipe,8
OK,M,2000,Frank,8
OK,M,2000,Isiah,8
OK,M,2000,Jackie,8
OK,M,2000,Jayce,8
OK,M,2000,Julius,8
OK,M,2000,Kale,8
OK,M,2000,Kellen,8
OK,M,2000,Lukas,8
OK,M,2000,Marc,8
OK,M,2000,Mathew,8
OK,M,2000,Moises,8
OK,M,2000,Montana,8
OK,M,2000,Quincy,8
OK,M,2000,Reed,8
OK,M,2000,Roberto,8
OK,M,2000,Ronnie,8
OK,M,2000,Ross,8
OK,M,2000,Tevin,8
OK,M,2000,Titus,8
OK,M,2000,Albert,7
OK,M,2000,Alberto,7
OK,M,2000,Aron,7
OK,M,2000,Arthur,7
OK,M,2000,Barrett,7
OK,M,2000,Brandt,7
OK,M,2000,Cannon,7
OK,M,2000,Cedric,7
OK,M,2000,Cordell,7
OK,M,2000,Creed,7
OK,M,2000,Dane,7
OK,M,2000,Darrell,7
OK,M,2000,Darrius,7
OK,M,2000,Demetrius,7
OK,M,2000,Deon,7
OK,M,2000,Dewayne,7
OK,M,2000,Donavan,7
OK,M,2000,Draven,7
OK,M,2000,Efrain,7
OK,M,2000,Ethen,7
OK,M,2000,Felix,7
OK,M,2000,Fernando,7
OK,M,2000,Garren,7
OK,M,2000,Grady,7
OK,M,2000,Graham,7
OK,M,2000,Jadon,7
OK,M,2000,Jamison,7
OK,M,2000,Jaron,7
OK,M,2000,Jasper,7
OK,M,2000,Kelton,7
OK,M,2000,Leonard,7
OK,M,2000,Lorenzo,7
OK,M,2000,Marcos,7
OK,M,2000,Mario,7
OK,M,2000,Marvin,7
OK,M,2000,Mikel,7
OK,M,2000,Nathanael,7
OK,M,2000,Perry,7
OK,M,2000,Reid,7
OK,M,2000,Reuben,7
OK,M,2000,River,7
OK,M,2000,Stone,7
OK,M,2000,Talon,7
OK,M,2000,Todd,7
OK,M,2000,Trevon,7
OK,M,2000,Zechariah,7
OK,M,2000,Abram,6
OK,M,2000,Andy,6
OK,M,2000,Asa,6
OK,M,2000,Asher,6
OK,M,2000,Austyn,6
OK,M,2000,Baron,6
OK,M,2000,Braedon,6
OK,M,2000,Braylen,6
OK,M,2000,Chayton,6
OK,M,2000,Clarence,6
OK,M,2000,Coleton,6
OK,M,2000,Colt,6
OK,M,2000,Darian,6
OK,M,2000,Deangelo,6
OK,M,2000,Denver,6
OK,M,2000,Destin,6
OK,M,2000,Donavon,6
OK,M,2000,Dwight,6
OK,M,2000,Elian,6
OK,M,2000,Elliott,6
OK,M,2000,Emilio,6
OK,M,2000,Ezra,6
OK,M,2000,Fisher,6
OK,M,2000,Fredrick,6
OK,M,2000,Garett,6
OK,M,2000,Gauge,6
OK,M,2000,Giovanni,6
OK,M,2000,Guadalupe,6
OK,M,2000,Gustavo,6
OK,M,2000,Harold,6
OK,M,2000,Heath,6
OK,M,2000,Hudson,6
OK,M,2000,Jamie,6
OK,M,2000,Jaren,6
OK,M,2000,Jarett,6
OK,M,2000,Jarod,6
OK,M,2000,Jermaine,6
OK,M,2000,Jerrod,6
OK,M,2000,Joey,6
OK,M,2000,Justus,6
OK,M,2000,Kadin,6
OK,M,2000,Kaiden,6
OK,M,2000,Kamron,6
OK,M,2000,Kane,6
OK,M,2000,Keenan,6
OK,M,2000,Kendrick,6
OK,M,2000,Keshawn,6
OK,M,2000,Leonardo,6
OK,M,2000,Lewis,6
OK,M,2000,Marco,6
OK,M,2000,Maverick,6
OK,M,2000,Nathanial,6
OK,M,2000,Pablo,6
OK,M,2000,Reagan,6
OK,M,2000,Rusty,6
OK,M,2000,Rylee,6
OK,M,2000,Salvador,6
OK,M,2000,Sterling,6
OK,M,2000,Stuart,6
OK,M,2000,Terrell,6
OK,M,2000,Timmy,6
OK,M,2000,Tony,6
OK,M,2000,Trae,6
OK,M,2000,Trever,6
OK,M,2000,Tristian,6
OK,M,2000,Tye,6
OK,M,2000,Tyree,6
OK,M,2000,Walker,6
OK,M,2000,Winston,6
OK,M,2000,Zakary,6
OK,M,2000,Agustin,5
OK,M,2000,Ali,5
OK,M,2000,Ayden,5
OK,M,2000,Baby,5
OK,M,2000,Bennett,5
OK,M,2000,Brenton,5
OK,M,2000,Brodie,5
OK,M,2000,Bryton,5
OK,M,2000,Chaz,5
OK,M,2000,Dandre,5
OK,M,2000,Daveon,5
OK,M,2000,Davin,5
OK,M,2000,Dax,5
OK,M,2000,Denton,5
OK,M,2000,Devan,5
OK,M,2000,Devyn,5
OK,M,2000,Dillan,5
OK,M,2000,Dillion,5
OK,M,2000,Dominick,5
OK,M,2000,Dorian,5
OK,M,2000,Franklin,5
OK,M,2000,Gene,5
OK,M,2000,Gideon,5
OK,M,2000,Glen,5
OK,M,2000,Gunnar,5
OK,M,2000,Houston,5
OK,M,2000,Jaime,5
OK,M,2000,Jamal,5
OK,M,2000,Jarren,5
OK,M,2000,Jaylin,5
OK,M,2000,Jefferson,5
OK,M,2000,Keyton,5
OK,M,2000,Korbin,5
OK,M,2000,Korey,5
OK,M,2000,Lee,5
OK,M,2000,Legend,5
OK,M,2000,Louis,5
OK,M,2000,Marquis,5
OK,M,2000,Mikah,5
OK,M,2000,Mohamed,5
OK,M,2000,Nash,5
OK,M,2000,Orlando,5
OK,M,2000,Phoenix,5
OK,M,2000,Pierce,5
OK,M,2000,Quinn,5
OK,M,2000,Ramiro,5
OK,M,2000,Ray,5
OK,M,2000,Remington,5
OK,M,2000,Rodolfo,5
OK,M,2000,Rogelio,5
OK,M,2000,Ryder,5
OK,M,2000,Ryley,5
OK,M,2000,Sage,5
OK,M,2000,Santiago,5
OK,M,2000,Solomon,5
OK,M,2000,Steve,5
OK,M,2000,Tobias,5
OK,M,2000,Waylon,5
OK,M,2000,Zakery,5
OK,M,2000,Zion,5
OK,M,2001,Jacob,456
OK,M,2001,Joshua,319
OK,M,2001,Michael,318
OK,M,2001,Ethan,287
OK,M,2001,Caleb,256
OK,M,2001,William,254
OK,M,2001,Tyler,248
OK,M,2001,Matthew,247
OK,M,2001,Austin,237
OK,M,2001,Hunter,233
OK,M,2001,Christopher,230
OK,M,2001,Zachary,228
OK,M,2001,Brandon,220
OK,M,2001,Dylan,218
OK,M,2001,James,216
OK,M,2001,Andrew,213
OK,M,2001,Joseph,211
OK,M,2001,Logan,193
OK,M,2001,Christian,190
OK,M,2001,Nicholas,182
OK,M,2001,David,181
OK,M,2001,Ryan,178
OK,M,2001,John,176
OK,M,2001,Daniel,169
OK,M,2001,Nathan,167
OK,M,2001,Noah,166
OK,M,2001,Justin,157
OK,M,2001,Alexander,151
OK,M,2001,Cameron,151
OK,M,2001,Anthony,148
OK,M,2001,Jonathan,146
OK,M,2001,Samuel,145
OK,M,2001,Blake,143
OK,M,2001,Mason,142
OK,M,2001,Jordan,140
OK,M,2001,Benjamin,136
OK,M,2001,Gabriel,132
OK,M,2001,Robert,131
OK,M,2001,Dakota,127
OK,M,2001,Garrett,125
OK,M,2001,Elijah,124
OK,M,2001,Seth,124
OK,M,2001,Cody,123
OK,M,2001,Dalton,121
OK,M,2001,Colton,118
OK,M,2001,Aaron,117
OK,M,2001,Kyle,113
OK,M,2001,Hayden,111
OK,M,2001,Thomas,111
OK,M,2001,Braden,109
OK,M,2001,Luke,108
OK,M,2001,Isaiah,107
OK,M,2001,Jose,106
OK,M,2001,Carson,103
OK,M,2001,Chase,98
OK,M,2001,Connor,96
OK,M,2001,Brayden,95
OK,M,2001,Isaac,95
OK,M,2001,Jackson,94
OK,M,2001,Nathaniel,94
OK,M,2001,Charles,89
OK,M,2001,Bryce,88
OK,M,2001,Devin,87
OK,M,2001,Gavin,87
OK,M,2001,Wyatt,87
OK,M,2001,Cole,86
OK,M,2001,Kaleb,86
OK,M,2001,Jason,83
OK,M,2001,Tanner,83
OK,M,2001,Gage,79
OK,M,2001,Colby,78
OK,M,2001,Evan,78
OK,M,2001,Adam,76
OK,M,2001,Eric,76
OK,M,2001,Trevor,76
OK,M,2001,Juan,71
OK,M,2001,Riley,71
OK,M,2001,Kevin,70
OK,M,2001,Steven,69
OK,M,2001,Tristan,68
OK,M,2001,Jaden,67
OK,M,2001,Jesse,67
OK,M,2001,Alex,66
OK,M,2001,Cooper,65
OK,M,2001,Sean,65
OK,M,2001,Timothy,65
OK,M,2001,Jared,62
OK,M,2001,Kenneth,61
OK,M,2001,Ian,60
OK,M,2001,Trenton,58
OK,M,2001,Conner,55
OK,M,2001,Jayden,55
OK,M,2001,Landon,55
OK,M,2001,Levi,55
OK,M,2001,Lucas,55
OK,M,2001,Luis,55
OK,M,2001,Patrick,55
OK,M,2001,Taylor,55
OK,M,2001,Caden,53
OK,M,2001,Dillon,52
OK,M,2001,Jeremiah,52
OK,M,2001,Jack,51
OK,M,2001,Kaden,51
OK,M,2001,Parker,51
OK,M,2001,Richard,51
OK,M,2001,Brian,50
OK,M,2001,Carlos,50
OK,M,2001,Bryan,48
OK,M,2001,Cade,48
OK,M,2001,Chance,48
OK,M,2001,Adrian,47
OK,M,2001,Preston,47
OK,M,2001,Julian,46
OK,M,2001,Antonio,45
OK,M,2001,Angel,44
OK,M,2001,Brady,44
OK,M,2001,Carter,44
OK,M,2001,Xavier,44
OK,M,2001,Dustin,43
OK,M,2001,Grant,43
OK,M,2001,Mark,43
OK,M,2001,Spencer,43
OK,M,2001,Wesley,43
OK,M,2001,Dawson,42
OK,M,2001,Jesus,42
OK,M,2001,Marcus,42
OK,M,2001,Devon,41
OK,M,2001,Kobe,41
OK,M,2001,Sebastian,41
OK,M,2001,Alejandro,40
OK,M,2001,Jeremy,40
OK,M,2001,Johnathan,40
OK,M,2001,Micah,40
OK,M,2001,Payton,39
OK,M,2001,Clayton,38
OK,M,2001,Lane,38
OK,M,2001,Miguel,38
OK,M,2001,Jace,37
OK,M,2001,Collin,36
OK,M,2001,Corbin,36
OK,M,2001,Jakob,36
OK,M,2001,Shawn,36
OK,M,2001,Zane,36
OK,M,2001,Derek,35
OK,M,2001,George,35
OK,M,2001,Jake,35
OK,M,2001,Victor,35
OK,M,2001,Brendan,34
OK,M,2001,Eduardo,33
OK,M,2001,Jaxon,33
OK,M,2001,Paul,33
OK,M,2001,Stephen,33
OK,M,2001,Drake,32
OK,M,2001,Peyton,32
OK,M,2001,Trent,32
OK,M,2001,Trey,32
OK,M,2001,Joel,31
OK,M,2001,Josiah,31
OK,M,2001,Kyler,31
OK,M,2001,Ashton,30
OK,M,2001,Bradley,30
OK,M,2001,Jalen,30
OK,M,2001,Shane,30
OK,M,2001,Kolby,29
OK,M,2001,Mitchell,29
OK,M,2001,Billy,28
OK,M,2001,Chandler,28
OK,M,2001,Gregory,28
OK,M,2001,Max,28
OK,M,2001,Skyler,28
OK,M,2001,Darius,27
OK,M,2001,Jeffrey,27
OK,M,2001,Travis,27
OK,M,2001,Tristen,27
OK,M,2001,Ty,27
OK,M,2001,Brody,26
OK,M,2001,Bryson,26
OK,M,2001,Jorge,25
OK,M,2001,Zackary,25
OK,M,2001,Dominic,24
OK,M,2001,Henry,24
OK,M,2001,Ivan,24
OK,M,2001,Manuel,24
OK,M,2001,Oscar,24
OK,M,2001,Aidan,23
OK,M,2001,Cory,23
OK,M,2001,Jarrett,23
OK,M,2001,Jaylen,23
OK,M,2001,Tommy,23
OK,M,2001,Harley,22
OK,M,2001,Kody,22
OK,M,2001,Nolan,22
OK,M,2001,Aiden,21
OK,M,2001,Alan,21
OK,M,2001,Blaine,21
OK,M,2001,Brett,21
OK,M,2001,Corey,21
OK,M,2001,Diego,21
OK,M,2001,Jerry,21
OK,M,2001,Joe,21
OK,M,2001,Malachi,21
OK,M,2001,Mario,21
OK,M,2001,Nicolas,21
OK,M,2001,Ricardo,21
OK,M,2001,Sergio,21
OK,M,2001,Skylar,21
OK,M,2001,Tyson,21
OK,M,2001,Zackery,21
OK,M,2001,Bobby,20
OK,M,2001,Brennan,20
OK,M,2001,Colten,20
OK,M,2001,Dayton,20
OK,M,2001,Donald,20
OK,M,2001,Donovan,20
OK,M,2001,Gunner,20
OK,M,2001,Jimmy,20
OK,M,2001,Keaton,20
OK,M,2001,Camden,19
OK,M,2001,Chad,19
OK,M,2001,Damien,19
OK,M,2001,Damon,19
OK,M,2001,Dennis,19
OK,M,2001,Kameron,19
OK,M,2001,Keith,19
OK,M,2001,Micheal,19
OK,M,2001,Tucker,19
OK,M,2001,Bailey,18
OK,M,2001,Braydon,18
OK,M,2001,Brenden,18
OK,M,2001,Cale,18
OK,M,2001,Coby,18
OK,M,2001,Edgar,18
OK,M,2001,Grayson,18
OK,M,2001,Jonah,18
OK,M,2001,Larry,18
OK,M,2001,Marco,18
OK,M,2001,Morgan,18
OK,M,2001,Talon,18
OK,M,2001,Terry,18
OK,M,2001,Allen,17
OK,M,2001,Avery,17
OK,M,2001,Braxton,17
OK,M,2001,Brendon,17
OK,M,2001,Calvin,17
OK,M,2001,Cristian,17
OK,M,2001,Dallas,17
OK,M,2001,Douglas,17
OK,M,2001,Gary,17
OK,M,2001,Harrison,17
OK,M,2001,Jeffery,17
OK,M,2001,Martin,17
OK,M,2001,Mathew,17
OK,M,2001,Raymond,17
OK,M,2001,Zachariah,17
OK,M,2001,Zachery,17
OK,M,2001,Abraham,16
OK,M,2001,Branden,16
OK,M,2001,Brent,16
OK,M,2001,Brock,16
OK,M,2001,Colin,16
OK,M,2001,Drew,16
OK,M,2001,Erik,16
OK,M,2001,Ezekiel,16
OK,M,2001,Francisco,16
OK,M,2001,Gerardo,16
OK,M,2001,Hector,16
OK,M,2001,Johnathon,16
OK,M,2001,Kade,16
OK,M,2001,Koby,16
OK,M,2001,Phillip,16
OK,M,2001,Ronald,16
OK,M,2001,Scott,16
OK,M,2001,Tate,16
OK,M,2001,Toby,16
OK,M,2001,Trace,16
OK,M,2001,Andy,15
OK,M,2001,Curtis,15
OK,M,2001,Fernando,15
OK,M,2001,Lance,15
OK,M,2001,Owen,15
OK,M,2001,Rafael,15
OK,M,2001,Arturo,14
OK,M,2001,Braeden,14
OK,M,2001,Darian,14
OK,M,2001,Darren,14
OK,M,2001,Edwin,14
OK,M,2001,Erick,14
OK,M,2001,Isiah,14
OK,M,2001,Javier,14
OK,M,2001,Jon,14
OK,M,2001,Jonathon,14
OK,M,2001,Malik,14
OK,M,2001,Maxwell,14
OK,M,2001,Pedro,14
OK,M,2001,Russell,14
OK,M,2001,Troy,14
OK,M,2001,Brice,13
OK,M,2001,Cesar,13
OK,M,2001,Eli,13
OK,M,2001,Jarod,13
OK,M,2001,Jaron,13
OK,M,2001,Johnny,13
OK,M,2001,Kolton,13
OK,M,2001,Lawrence,13
OK,M,2001,Marcos,13
OK,M,2001,Marshall,13
OK,M,2001,Peter,13
OK,M,2001,Quinton,13
OK,M,2001,Ronnie,13
OK,M,2001,Weston,13
OK,M,2001,Alec,12
OK,M,2001,Andre,12
OK,M,2001,Braiden,12
OK,M,2001,Carl,12
OK,M,2001,Casey,12
OK,M,2001,Cayden,12
OK,M,2001,Danny,12
OK,M,2001,Derrick,12
OK,M,2001,Edward,12
OK,M,2001,Emmanuel,12
OK,M,2001,Fabian,12
OK,M,2001,Garret,12
OK,M,2001,Jaime,12
OK,M,2001,Jay,12
OK,M,2001,Julio,12
OK,M,2001,Justice,12
OK,M,2001,Roberto,12
OK,M,2001,Vincent,12
OK,M,2001,Alexis,11
OK,M,2001,Armando,11
OK,M,2001,Asher,11
OK,M,2001,Bryant,11
OK,M,2001,Damian,11
OK,M,2001,Dante,11
OK,M,2001,Easton,11
OK,M,2001,Elias,11
OK,M,2001,Jaxson,11
OK,M,2001,Kale,11
OK,M,2001,Kendall,11
OK,M,2001,Nickolas,11
OK,M,2001,Ramon,11
OK,M,2001,Rodney,11
OK,M,2001,Roy,11
OK,M,2001,Tony,11
OK,M,2001,Camron,10
OK,M,2001,Colt,10
OK,M,2001,Corban,10
OK,M,2001,Craig,10
OK,M,2001,Davis,10
OK,M,2001,Dylon,10
OK,M,2001,Ernesto,10
OK,M,2001,Gustavo,10
OK,M,2001,Hudson,10
OK,M,2001,Israel,10
OK,M,2001,Jett,10
OK,M,2001,Jonas,10
OK,M,2001,Justus,10
OK,M,2001,Karson,10
OK,M,2001,Keegan,10
OK,M,2001,Kristian,10
OK,M,2001,Kristopher,10
OK,M,2001,Louis,10
OK,M,2001,Miles,10
OK,M,2001,Reese,10
OK,M,2001,Ricky,10
OK,M,2001,River,10
OK,M,2001,Ruben,10
OK,M,2001,Rylan,10
OK,M,2001,Tristin,10
OK,M,2001,Wade,10
OK,M,2001,Aden,9
OK,M,2001,Andres,9
OK,M,2001,Dale,9
OK,M,2001,Denver,9
OK,M,2001,Ezra,9
OK,M,2001,Grady,9
OK,M,2001,Greyson,9
OK,M,2001,Griffin,9
OK,M,2001,Heath,9
OK,M,2001,Jadon,9
OK,M,2001,Jessie,9
OK,M,2001,Joey,9
OK,M,2001,Josue,9
OK,M,2001,Kamron,9
OK,M,2001,Marc,9
OK,M,2001,Nikolas,9
OK,M,2001,Orlando,9
OK,M,2001,Pierce,9
OK,M,2001,Reed,9
OK,M,2001,Remington,9
OK,M,2001,Roman,9
OK,M,2001,Ross,9
OK,M,2001,Shaun,9
OK,M,2001,Trae,9
OK,M,2001,Trevon,9
OK,M,2001,Walker,9
OK,M,2001,Warren,9
OK,M,2001,Waylon,9
OK,M,2001,Alberto,8
OK,M,2001,Alonzo,8
OK,M,2001,Arthur,8
OK,M,2001,Barrett,8
OK,M,2001,Brennon,8
OK,M,2001,Briar,8
OK,M,2001,Case,8
OK,M,2001,Clay,8
OK,M,2001,Daylon,8
OK,M,2001,Dillan,8
OK,M,2001,Dominick,8
OK,M,2001,Garrison,8
OK,M,2001,Gideon,8
OK,M,2001,Giovanni,8
OK,M,2001,Holden,8
OK,M,2001,Jaiden,8
OK,M,2001,Jaydon,8
OK,M,2001,Jayson,8
OK,M,2001,Keenan,8
OK,M,2001,Leonardo,8
OK,M,2001,Lorenzo,8
OK,M,2001,Lukas,8
OK,M,2001,Montana,8
OK,M,2001,Quentin,8
OK,M,2001,Randall,8
OK,M,2001,Reece,8
OK,M,2001,Roger,8
OK,M,2001,Rowdy,8
OK,M,2001,Sheldon,8
OK,M,2001,Titus,8
OK,M,2001,Blayne,7
OK,M,2001,Blaze,7
OK,M,2001,Braedon,7
OK,M,2001,Brant,7
OK,M,2001,Bruce,7
OK,M,2001,Brycen,7
OK,M,2001,Byron,7
OK,M,2001,Clifford,7
OK,M,2001,Coleman,7
OK,M,2001,Corbyn,7
OK,M,2001,Cordell,7
OK,M,2001,Creed,7
OK,M,2001,Cyrus,7
OK,M,2001,Darrell,7
OK,M,2001,Davion,7
OK,M,2001,Devion,7
OK,M,2001,Duncan,7
OK,M,2001,Dusty,7
OK,M,2001,Eddie,7
OK,M,2001,Everett,7
OK,M,2001,Frank,7
OK,M,2001,Garett,7
OK,M,2001,Gerald,7
OK,M,2001,Haden,7
OK,M,2001,Issac,7
OK,M,2001,Jamie,7
OK,M,2001,Jaren,7
OK,M,2001,Jarred,7
OK,M,2001,Jarrod,7
OK,M,2001,Jayce,7
OK,M,2001,Jordon,7
OK,M,2001,Kayden,7
OK,M,2001,Konnor,7
OK,M,2001,Landen,7
OK,M,2001,Leon,7
OK,M,2001,Lewis,7
OK,M,2001,Lloyd,7
OK,M,2001,Mateo,7
OK,M,2001,Mikel,7
OK,M,2001,Myles,7
OK,M,2001,Omar,7
OK,M,2001,Randy,7
OK,M,2001,Reagan,7
OK,M,2001,Rhett,7
OK,M,2001,Ryder,7
OK,M,2001,Sabastian,7
OK,M,2001,Sam,7
OK,M,2001,Saul,7
OK,M,2001,Sawyer,7
OK,M,2001,Silas,7
OK,M,2001,Terrance,7
OK,M,2001,Theodore,7
OK,M,2001,Triston,7
OK,M,2001,Zion,7
OK,M,2001,Addison,6
OK,M,2001,Albert,6
OK,M,2001,Alvaro,6
OK,M,2001,Asa,6
OK,M,2001,Ayden,6
OK,M,2001,Blaise,6
OK,M,2001,Brad,6
OK,M,2001,Britton,6
OK,M,2001,Cannon,6
OK,M,2001,Cedric,6
OK,M,2001,Chaz,6
OK,M,2001,Cruz,6
OK,M,2001,Damion,6
OK,M,2001,Dane,6
OK,M,2001,Darin,6
OK,M,2001,Deandre,6
OK,M,2001,Devyn,6
OK,M,2001,Donavan,6
OK,M,2001,Emilio,6
OK,M,2001,Enrique,6
OK,M,2001,Harold,6
OK,M,2001,Houston,6
OK,M,2001,Ismael,6
OK,M,2001,Jackie,6
OK,M,2001,Jadyn,6
OK,M,2001,Jasper,6
OK,M,2001,Jody,6
OK,M,2001,Johnnie,6
OK,M,2001,Judah,6
OK,M,2001,Kadin,6
OK,M,2001,Kaiden,6
OK,M,2001,Kane,6
OK,M,2001,Kelby,6
OK,M,2001,Konner,6
OK,M,2001,Korbin,6
OK,M,2001,Korey,6
OK,M,2001,Liam,6
OK,M,2001,London,6
OK,M,2001,Mauricio,6
OK,M,2001,Memphis,6
OK,M,2001,Noel,6
OK,M,2001,Orion,6
OK,M,2001,Quinn,6
OK,M,2001,Raul,6
OK,M,2001,Ray,6
OK,M,2001,Rocky,6
OK,M,2001,Solomon,6
